% Model:              pcal_mirror_deformation_3d_2beams.mph
% Version:            COMSOL 5.6.0.401
% Date:               May 6 2026, 11:35
% Dimension:          1
% Nodes:              349
% Expressions:        1
% Description:        Line graph
% cln1x                   Height
0                         0.008529465226171953
0.0022763334915881367     0.00957897070250327
0.003781714348528545      0.01027302781634955
0.004552666983176273      0.010628476178834584
0.005718448582288357      0.011165960768415004
0.00682900047476441       0.0116779816551659
0.0077181359926818405     0.012152074415978749
0.00911043375751762       0.012894456513986274
0.010493356672210657      0.013631839881770101
0.011391867040270828      0.01411093137280665
0.01229646842031927       0.01459327063050134
0.013500865375610627      0.01520411362019106
0.014589742813212042      0.015937891707122755
0.015998241981975178      0.016854873303074003
0.017195709723979255      0.017634466153048697
0.01835346142240816       0.018388202487215562
0.019715245333298416      0.01927477083716031
0.020708680862841125      0.019921531671357115
0.021403031903075145      0.020707089125656927
0.02313675872428453       0.022668549466612883
0.024985446564832106      0.024760071520538385
0.025612157758030815      0.0254022241431471
0.027685119938170966      0.027526261682274955
0.028238546751358173      0.02809332428362451
0.02843664773058633       0.028489114153154638
0.030388381538443893      0.03238852177940267
0.03248640736376982       0.03658020912447238
0.03253821632552959       0.03668371927518079
0.0325968400697807        0.036800844814786474
0.035416361299034124      0.0422626372201881
0.03620735696809298       0.045180417617834145
0.03707634138875765       0.048385878542154995
0.038219525709562635      0.052602792657639126
0.03873632147848117       0.05450911986412186
0.04023169445103232       0.060025167697444204
0.04052822664713747       0.06159084145616184
0.041396645415007295      0.06642400092460791
0.04236664751097052       0.07182251945964256
0.042505212191357306      0.0725936971699612
0.042715676452209875      0.07376502991027523
0.04361377896770732       0.07876339341531452
0.04431627578756031       0.08659473409872541
0.04460306962019715       0.08979187342492224
0.04484051548034383       0.09243888814744204
0.045592360272686976      0.10082035343452997
0.04650045969969295       0.11094372451083209
0.0465891320253046        0.11182806813154128
0.04668607946635263       0.11381515182613379
0.04737524422498497       0.1264682252782447
0.04809674082831003       0.13971491179691894
0.04817530894235102       0.1411574233378852
0.04825035624693944       0.14253529277396138
0.04897537365971705       0.1558466213975257
0.04944440395750995       0.17396438943980586
0.04947370048398216       0.1750960597680677
0.0495021236194256        0.17619399262533036
0.04997202730824728       0.19434549813860974
0.050456370279006034      0.2130547662571283
0.050472577373762234      0.21359374138817994
0.050490953648111986      0.21484782670027464
0.050881144833717806      0.2388890038142379
0.0512858398379155        0.2638238168801631
0.05129196668596688       0.2642013155131086
0.05129787395460228       0.26456528501514337
0.05170278853821597       0.28951362721198043
0.051967886287949946      0.32350437491028905
0.051968525692143976      0.32358635910916733
0.05196916356152681       0.32366814651505166
0.05223426284607199       0.3576590910063551
0.0525                    0.39173182290354297
0.05271226328380816       0.4352643787219512
0.052867173911377394      0.46703461905996896
0.05292452656761632       0.47879693454035943
0.05300311293279618       0.494914019263546
0.05313678985142448       0.5223294903587679
0.05324119409755464       0.5672037142049233
0.053313177364068265      0.5981430038836526
0.053371809327637944      0.6233437400154502
0.053489564876712054      0.6739565174085389
0.053634134980737096      0.736094518974051
0.053670299158036755      0.7490270484123798
0.053707166030645515      0.783158451261276
0.05382566829228249       0.8842842071368249
0.053944167451328344      0.9854073153677776
0.05398184190477526       1.017557398660605
0.05401951734462938       1.0497083237194285
0.054138015517268025      1.150830590184385
0.05424084450621351       1.451873693672522
0.05425751518157626       1.5006789177626636
0.054270660370838913      1.5391628959885415
0.054377014845884496      1.8505272453409216
0.054484388113492724      2.1648742212659817
0.05449754790222855       2.1922530058494414
0.05451772252425996       2.30104616929749
0.05462608052567254       2.7820736439766858
0.05470505038932208       3.1326400404761645
0.05475325597600638       3.346636342787851
0.05481940096839505       3.6402700222264928
0.05488043142634022       3.911199041599026
0.0549152321544171        3.9113536583392117
0.055010204807771156      3.911775613938415
0.05508725494196415       3.9121179412757456
0.05513787643670166       3.7554011938380034
0.05522318310879171       3.4913042078835197
0.05526247654935269       3.369657460147465
0.05531784755786649       3.1152618858933296
0.05536369474548926       2.9046223845318138
0.055415069823600026      2.668585641674172
0.05546491294162582       2.439587308916189
0.05550939300604353       2.235228894032244
0.055574456329233524      1.8926178181295432
0.05562409470626778       1.7888826775252733
0.05568379186685384       1.6468298275657713
0.05575250640053221       1.4833196162454523
0.05580116931301714       1.3675233985032649
0.055843446216398245      1.2669230591606457
0.05591854675918043       1.0882169694407586
0.05603470134037371       0.9892837871705927
0.05607117847276751       0.9582148551428087
0.05621132880611403       0.838843597188514
0.05622290165583685       0.829988793479542
0.05624434125157797       0.8135845873907877
0.05636442317430957       0.7217055878140911
0.05641994509698658       0.6994593615400806
0.05649117934323186       0.6709176057069859
0.05660660314790614       0.6246702145435211
0.05661793551215415       0.6201296235998806
0.056641915511262936      0.6105214461358546
0.056756667469819166      0.5610013596145527
0.05695977643670042       0.5150211348589007
0.05700444497987944       0.5049089783824244
0.057229888218350206      0.4538726753885338
0.05725222248993972       0.44881659715029537
0.057499999999999996      0.3927242159181671
0.0577653842304722        0.35868493986212824
0.058026827705890606      0.3251511213040981
0.058030768460944404      0.3246456638060889
0.058034768615263646      0.32413258751328533
0.058296152691416615      0.29060638775004954
0.05870729284975877       0.26562581063867996
0.05870973888577985       0.26547719126837055
0.058712104923066735      0.2653334325629899
0.059123325080143105      0.24034799478669058
0.059525750784895456      0.21589690153980484
0.059535665048881595      0.21521766710989493
0.05954413701806932       0.21493974970504673
0.06002384651296772       0.19685495985317727
0.06050396425990682       0.17875477911903181
0.06051087758324091       0.1784941505490229
0.06051778502806212       0.17823374359578673
0.0609979086535141        0.16013334124486864
0.061759183254746525      0.14664972248921712
0.06176199456595483       0.1465999288293801
0.06176490606748062       0.1465483606087714
0.06252608047839556       0.1330665164138916
0.06326106142686085       0.12004860817719297
0.06328633014023273       0.11954753740680568
0.06330855534280155       0.11934665071415786
0.06419030235645819       0.11002946769982545
0.06504950528594443       0.10095050194605977
0.06509092119061347       0.1005128712452704
0.06513342378110351       0.10006375782833152
0.06599154002476873       0.09099627479071536
0.06731753738837119       0.08543529171978893
0.06743990988855432       0.08492208451399445
0.06760797106434083       0.08421726761233057
0.06888827975233991       0.07884789423727354
0.06982052703921857       0.0749382247895418
0.07030208115002295       0.07260239440697765
0.07074492212808697       0.07210414007937428
0.07174071659611306       0.07049527677488224
0.07264236825164085       0.06903851605910054
0.07317354964829083       0.06818030858302063
0.07376019249762139       0.06723249436689882
0.07460638270046861       0.06586534039115902
0.07593957586718651       0.06725779301042767
0.0759749824651683        0.06729477340556461
0.07607495830004725       0.06739919309253577
0.07734358222986801       0.06872420641997024
0.0777928673748996        0.06919346195818894
0.07917070964349299       0.07143078240886132
0.07926115045572679       0.07174365062245602
0.07973131927741331       0.07337013844024232
0.08064686420154614       0.07653734689187161
0.08082297674401141       0.07714658530085763
0.0820325779473655        0.0813310431612872
0.08231592510389699       0.08248227194966927
0.08333704934884147       0.08663106116529123
0.08337352901637686       0.08677927667580294
0.08345343810833394       0.0875524439590795
0.08442050197937416       0.09690935351235927
0.08497973864427957       0.10232029590106544
0.08546747494237145       0.10703943034891553
0.0863108963095297        0.11520002623521894
0.08655198668087268       0.11723440538417242
0.0867447405937404        0.12095518467171898
0.08733040066976348       0.1309316772148843
0.08801199013802728       0.1425422897972008
0.08813554880808973       0.14464706388201104
0.08824171737945337       0.14645560437143687
0.08894069694641597       0.15836245054913775
0.08941646745832126       0.1760813396798822
0.0894426910561109        0.17705797234251458
0.08946815623931345       0.1780063597405758
0.08994468516580584       0.1957534941358914
0.09043540627329105       0.21402918100607293
0.09044844588817944       0.2144464710214927
0.09046349256244707       0.21546863423383383
0.09086468502002397       0.23975858058068145
0.09127866846382254       0.2648229491859229
0.09128270005782357       0.2650670395224387
0.09128660708630372       0.2653035881174236
0.09170071509562319       0.2903754984641963
0.09196604027283752       0.3239398128142006
0.09196714339708212       0.3240793608559722
0.09196824197276539       0.3242183334930875
0.09223357169854107       0.35778322324774997
0.0925                    0.391487085639526
0.0927316340930532        0.44275042777296325
0.0927505123493898        0.44692840736443895
0.0929632681861064        0.49401376990639967
0.09300102469877962       0.5023697290893521
0.0931949022791596        0.5452771120398361
0.09329803009121232       0.5873030102743797
0.09333469898808516       0.6010417148186629
0.09334629411540463       0.6053860513540018
0.09346791522553573       0.6509537297118407
0.09352163486070753       0.6710808199379577
0.09360113146298629       0.7008657446050209
0.09371563837368105       0.7851090608821986
0.09373161766906712       0.7968651097261252
0.09374869802314563       0.8094312130471546
0.09388016561032936       0.910659325958534
0.09392533448193867       0.945438694267451
0.09403143387710146       1.0271336715880497
0.09408047655769598       1.1087860917381573
0.09414914153969338       1.2231081861197115
0.09420328753087942       1.3132572393152477
0.09427860659083387       1.4935472082666235
0.09434505794813403       1.6526107062931503
0.09441808735494477       1.827419970965487
0.09448202745547445       2.090628259920826
0.09456088389099968       2.415239377134794
0.09461389654894374       2.6334650426379826
0.09470752325551188       3.121599239644742
0.0947476682908403        3.3309002532352974
0.09485643160811891       3.8979510071241297
0.09487996730178803       3.918363276049409
0.09499354140895232       4.01686494976167
0.09500586130698664       4.027549872642817
0.09516281898369398       3.4812277839773067
0.09516823594296461       3.4623729909845053
0.09525550674765092       3.1586097772575714
0.0953306105789426        2.8971961093262073
0.09533527232575056       2.880969981962535
0.09544083385660317       2.3838867558566603
0.0954923826941982        2.250294230343445
0.0955690222750542        2.0516772364693825
0.09562723794449014       1.9008071360514975
0.09570879173867727       1.6428572110472586
0.09583689044617616       1.237688422497004
0.09585819635751357       1.1702990596057992
0.09587117062614184       1.1586394401861195
0.09601139528781738       1.0326233821537294
0.09610505578911605       0.9484532581115843
0.09616459421812118       0.8949477047016672
0.09627763981876057       0.7933567234843703
0.09631732367625773       0.754157203852827
0.09633330332745069       0.7479117868890262
0.09648221558855102       0.6821249037773705
0.09661471488005104       0.62358898915302
0.09664657190872958       0.6095151002302789
0.09669130210914098       0.5897540648106174
0.09681092822890815       0.5369052966831869
0.0969710649304862        0.5030641499785354
0.09704061881927209       0.4883655622651165
0.09709400618275071       0.4770833915831269
0.09727030940963605       0.4398258278470467
0.0975                    0.391286093428977
0.0977688247750623        0.35713909273652455
0.09803543176237242       0.323273802685851
0.09803764955012459       0.32299209204407253
0.09803988578668997       0.3227080379737991
0.09830647432518688       0.2888450913516205
0.09872188007306032       0.2634884233634811
0.09873025918137052       0.26297695651800235
0.09873876482552867       0.26245776583263664
0.09915404403755415       0.23710882168438457
0.09956314526867106       0.21213698596936476
0.09957621713489512       0.21124231906255622
0.09958761752595204       0.21087031605757778
0.100091165780514         0.19195557646815703
0.1005699975985186        0.17396925825012452
0.10060436454011584       0.17267833579153724
0.10064050544137848       0.1713207782392732
0.10111756329971769       0.15340109511491745
0.10180771273340339       0.1413187287417568
0.10198381386613092       0.13823574656356452
0.10221602338451433       0.1341704813622877
0.10285006443254416       0.1230703980122117
0.10333090323506666       0.11465240866824837
0.10366743690520805       0.10803088247821252
0.10385340439938018       0.10619764282807334
0.10470435251195225       0.0976892173640054
0.10508819937782374       0.09385122489462648
0.10575778838003003       0.0871561655453418
0.10632299435626731       0.08150480696117958
0.1068112242481078        0.07662311372667825
0.10771291560852894       0.07134019997756771
0.10774797893786775       0.0711363659376789
0.10784688912178915       0.07056137027254863
0.10871512435963154       0.0655140487705543
0.10902291084714025       0.06372479018173391
0.10968226978139536       0.059891731603429595
0.11061147125676682       0.056517259406266396
0.11160276410479521       0.05291729724135341
0.11248233136754968       0.04972307580244168
0.11319592425484651       0.047117278266607235
0.11379610307836432       0.044925630161330984
0.11451249209238781       0.04230962212555479
0.11557827110366842       0.04024832722493783
0.1167044489686732        0.038070216504280344
0.11845012312882311       0.034693954440222496
0.11885523206778814       0.03385012057772229
0.11905339245739849       0.03343735642745037
0.12084496031023147       0.029705556223165574
0.12235184808037934       0.028109376400672195
0.1235248025108855        0.026688256198909733
0.12507924159490064       0.024804939398827587
0.1261224470141445        0.02354101962725063
0.12690963284279044       0.022587286340999137
0.1287200915174035        0.020393783055591523
0.13079623674118482       0.01900378929819979
0.1311543860148851        0.01876400585292081
0.13146661082370723       0.018554969158283845
0.13358868051236675       0.01713422865025009
0.13602288079453534       0.015504514525390816
0.1360229888518186        0.015504441239343742
0.13602311347459045       0.015504377328032594
0.1382630412633991        0.01429691227701613
0.1400650763985709        0.01332549951215151
0.14050311500075097       0.013089368550353926
0.14104759652524712       0.012795858011738319
0.14274318873810282       0.011881824823691736
0.14457420880608418       0.0110360134864851
0.1451621258254019        0.010764434332891301
0.14563509000386082       0.010545955862213362
0.14758106291270096       0.009647043842090872
0.15                      0.008529653351290446
