% Model:              2d_displacement_ET.mph
% Version:            COMSOL 5.6.0.401
% Date:               Oct 20 2025, 13:15
% Dimension:          1
% Nodes:              565
% Expressions:        1
% Description:        Line graph
% R                       Height
0                         7.3195477899306586E-9
1.329787234042553E-4      6.414583023826124E-9
2.659574468085106E-4      5.548863431436094E-9
3.9893617021276594E-4     4.719701293365223E-9
5.319148936170212E-4      3.924161460948702E-9
6.648936170212766E-4      3.1590615189667205E-9
7.978723404255319E-4      2.420984952241416E-9
9.308510638297872E-4      2.0855639560058648E-9
0.0010638297872340424     1.7979904927651033E-9
0.0011968085106382976     1.557972129939299E-9
0.0013297872340425527     1.365192699008436E-9
0.0014627659574468082     1.2194117996870143E-9
0.0015957446808510635     1.1206311448101626E-9
0.0017287234042553188     1.0348461151588184E-9
0.0018617021276595743     9.574150220952838E-10
0.00199468085106383       8.883338359544763E-10
0.002127659574468085      8.275997415132383E-10
0.0022606382978723407     7.752119823036275E-10
0.002393617021276596      7.311728020204853E-10
0.0025265957446808517     6.92596252860718E-10
0.0026595744680851063     6.567879873631475E-10
0.002792553191489362      6.23746700488164E-10
0.002925531914893617      5.934713165051778E-10
0.0030585106382978724     5.659611085132254E-10
0.0031914893617021275     5.412158331538888E-10
0.003324468085106383      5.189719281091753E-10
0.0034574468085106385     4.980467789872965E-10
0.0035904255319148936     4.784400476620342E-10
0.0037234042553191487     4.6015144227214873E-10
0.003856382978723404      4.4318073613717697E-10
0.00398936170212766       4.275277886872503E-10
0.004122340425531916      4.13113793216952E-10
0.004255319148936171      3.994243106742087E-10
0.004388297872340427      3.864592107419528E-10
0.004521276595744682      3.7421837588804707E-10
0.004654255319148938      3.6270170599749404E-10
0.004787234042553192      3.5190912346198437E-10
0.004920212765957448      3.4181072352707635E-10
0.005053191489361703      3.321567018820754E-10
0.005186170212765958      3.229470037976846E-10
0.0053191489361702135     3.1418157755151323E-10
0.005452127659574469      3.058603756321086E-10
0.0055851063829787245     2.9798335606662473E-10
0.00571808510638298       2.905251193433687E-10
0.0058510638297872355     2.8335585508149144E-10
0.00598404255319149       2.7647552819127266E-10
0.006117021276595746      2.6988410504631295E-10
0.00625                   2.6358155404311187E-10
0.006382978723404256      2.575678462143739E-10
0.006515957446808511      2.5183352450228965E-10
0.006648936170212767      2.462989021811119E-10
0.0067819148936170215     2.4096395959076953E-10
0.006914893617021276      2.3582867745562037E-10
0.0070478723404255325     2.308930370955547E-10
0.007180851063829787      2.2615702065851563E-10
0.007313829787234043      2.216129504188454E-10
0.007446808510638298      2.1721206190124118E-10
0.007579787234042554      2.129543413454308E-10
0.007712765957446809      2.0883977516947117E-10
0.007845744680851065      2.04868350083189E-10
0.00797872340425532       2.010400532126692E-10
0.008111702127659576      1.973518354172053E-10
0.008244680851063831      1.93769747033121E-10
0.008377659574468085      1.9029377885182203E-10
0.00851063829787234       1.8692392169000669E-10
0.008643617021276596      1.8366016644511901E-10
0.008776595744680852      1.8050250415639452E-10
0.008909574468085107      1.7744919201954611E-10
0.009042553191489363      1.7447677834834185E-10
0.009175531914893618      1.7158525632562851E-10
0.009308510638297874      1.687746191267244E-10
0.00944148936170213       1.6604485995201002E-10
0.009574468085106385      1.6339597206274227E-10
0.009707446808510642      1.6082735625031985E-10
0.009840425531914896      1.5832176342262296E-10
0.009973404255319151      1.5587918853645416E-10
0.010106382978723407      1.5349962651901224E-10
0.010239361702127662      1.5118307228664494E-10
0.010372340425531918      1.4892952076549042E-10
0.010505319148936175      1.4673846904938513E-10
0.010638297872340429      1.4459758393875162E-10
0.010771276595744684      1.425068615129104E-10
0.01090425531914894       1.404662978201258E-10
0.011037234042553195      1.3847588888957586E-10
0.01117021276595745       1.3653563074451321E-10
0.011303191489361706      1.346451463361112E-10
0.011436170212765962      1.327951927804861E-10
0.011569148936170217      1.3098576702422396E-10
0.011702127659574473      1.2921686598201017E-10
0.011835106382978727      1.2748848654417298E-10
0.011968085106382982      1.2580062558498835E-10
0.01210106382978724       1.2415288705568986E-10
0.012234042553191495      1.2253838209534286E-10
0.012367021276595749      1.2095710819287732E-10
0.012500000000000006      1.1940906281040088E-10
0.01263297872340426       1.1789424338855348E-10
0.012765957446808515      1.1641264735238508E-10
0.012898936170212772      1.149641017471191E-10
0.013031914893617028      1.1354312913753484E-10
0.013164893617021282      1.1214972750267462E-10
0.013297872340425539      1.1078389479713615E-10
0.013430851063829793      1.0944562895466886E-10
0.013563829787234048      1.0813492789212508E-10
0.013696808510638305      1.0685156816139543E-10
0.013829787234042561      1.0559137023601068E-10
0.013962765957446815      1.0435433242125952E-10
0.014095744680851072      1.0314045300199965E-10
0.014228723404255326      1.0194973024531427E-10
0.014361702127659581      1.0078216240342373E-10
0.014494680851063839      9.963760122356895E-11
0.014627659574468094      9.851265193250623E-11
0.014760638297872348      9.740731312318733E-11
0.014893617021276605      9.632158337082025E-11
0.015026595744680859      9.525546123477288E-11
0.015159574468085114      9.420894526065881E-11
0.01529255319148937       9.318192466608487E-11
0.015425531914893627      9.217167821397017E-11
0.01555851063829788       9.117820469874525E-11
0.015691489361702136      9.020150290016297E-11
0.015824468085106392      8.924157158477488E-11
0.015957446808510647      8.829840950754383E-11
0.016090425531914903      8.737197781837064E-11
0.01622340425531916       8.645998989610112E-11
0.016356382978723414      8.556244471196709E-11
0.01648936170212767       8.467934122474434E-11
0.016622340425531925      8.381067838187974E-11
0.01675531914893618       8.295645512072068E-11
0.016888297872340436      8.211661353815095E-11
0.01702127659574469       8.128932047590413E-11
0.017154255319148947      8.047457504320432E-11
0.017287234042553203      7.967237633889282E-11
0.017420212765957458      7.888272345232525E-11
0.017553191489361714      7.810561546434741E-11
0.01768617021276597       7.734100820932847E-11
0.017819148936170225      7.658735587029788E-11
0.01795212765957448       7.584465767852053E-11
0.018085106382978736      7.511291285645145E-11
0.01821808510638299       7.439212061844082E-11
0.018351063829787247      7.368228017149951E-11
0.018484042553191502      7.298334209999332E-11
0.018617021276595758      7.22940369318843E-11
0.018750000000000013      7.161436399132635E-11
0.01888297872340427       7.094432259517433E-11
0.019015957446808524      7.028391205356735E-11
0.01914893617021278       6.963313167055979E-11
0.019281914893617035      6.899194407670108E-11
0.01941489361702129       6.835926641555609E-11
0.019547872340425546      6.773509809940345E-11
0.019680851063829802      6.711943853432176E-11
0.019813829787234057      6.651228712065849E-11
0.019946808510638313      6.591364325353645E-11
0.02007978723404257       6.532346075025982E-11
0.020212765957446824      6.474083471416853E-11
0.02034574468085108       6.416576462094595E-11
0.020478723404255335      6.359824994119547E-11
0.02061170212765959       6.303829014084347E-11
0.020744680851063846      6.248588468157247E-11
0.0208776595744681        6.194101575236782E-11
0.021010638297872357      6.14028875459822E-11
0.021143617021276612      6.087149960884012E-11
0.021276595744680868      6.034685148297928E-11
0.021409574468085123      5.982894270637162E-11
0.02154255319148938       5.931777281326846E-11
0.021675531914893634      5.881331282209323E-11
0.02180851063829789       5.831489309778233E-11
0.021941489361702145      5.7822513234699784E-11
0.0220744680851064        5.73361728236121E-11
0.022207446808510656      5.685587145196717E-11
0.022340425531914912      5.638160870419309E-11
0.022473404255319167      5.591337323901785E-11
0.022606382978723423      5.5450569386446774E-11
0.02273936170212768       5.49931967869446E-11
0.022872340425531934      5.4541255077973735E-11
0.02300531914893619       5.409474389423123E-11
0.023138297872340445      5.365366286790212E-11
0.0232712765957447        5.321799349759454E-11
0.023404255319148956      5.278723133501416E-11
0.02353723404255321       5.236137605888103E-11
0.023670212765957464      5.194042734545466E-11
0.023803191489361723      5.152438486874065E-11
0.023936170212765978      5.111324830071082E-11
0.024069148936170234      5.070700744452307E-11
0.02420212765957449       5.030521032216209E-11
0.024335106382978745      4.9907856649473836E-11
0.024468085106382997      4.951494614024579E-11
0.024601063829787256      4.9126478506382534E-11
0.02473404255319151       4.8742453458092506E-11
0.024867021276595767      4.836286277097034E-11
0.025000000000000022      4.7987311629744626E-11
0.025132978723404278      4.761579977985522E-11
0.02526595744680853       4.7248326965073354E-11
0.02539893617021279       4.6884892927656236E-11
0.025531914893617044      4.652549740851108E-11
0.0256648936170213        4.6170141389068296E-11
0.02579787234042556       4.581846786992904E-11
0.02593085106382981       4.547047662702053E-11
0.02606382978723407       4.512616743486335E-11
0.026196808510638325      4.478554006670222E-11
0.02632978723404258       4.444859429464439E-11
0.026462765957446836      4.411532855577605E-11
0.026595744680851092      4.3785430562970094E-11
0.026728723404255347      4.345890011581161E-11
0.026861702127659603      4.313573701275279E-11
0.02699468085106386       4.281594105122836E-11
0.027127659574468114      4.249951202777731E-11
0.02726063829787237       4.218645677886202E-11
0.027393617021276625      4.1876488069806874E-11
0.02752659574468088       4.15696057236575E-11
0.027659574468085136      4.126580956251582E-11
0.02779255319148939       4.096509940763872E-11
0.027925531914893647      4.066747507954217E-11
0.028058510638297902      4.0372941592255086E-11
0.028191489361702158      4.008124529292902E-11
0.02832446808510641       3.979238602398852E-11
0.028457446808510665      3.9506363627096455E-11
0.02859042553191492       3.9223177943240444E-11
0.028723404255319177      3.894282881282398E-11
0.028856382978723432      3.8665324422692514E-11
0.028989361702127688      3.839043332635424E-11
0.029122340425531943      3.811815538404095E-11
0.029255319148936195      3.784849045536202E-11
0.029388297872340454      3.7581438399379477E-11
0.02952127659574471       3.7316999074686926E-11
0.029654255319148965      3.7055175917446114E-11
0.02978723404255322       3.67957668843499E-11
0.029920212765957476      3.653877185107839E-11
0.030053191489361728      3.6284190692812856E-11
0.030186170212765987      3.603202328430153E-11
0.030319148936170243      3.578226949992872E-11
0.030452127659574498      3.5534934850966654E-11
0.030585106382978754      3.528983351320119E-11
0.03071808510638301       3.504696537708054E-11
0.03085106382978726       3.480633033263749E-11
0.03098404255319152       3.456792826954588E-11
0.031117021276595776      3.433175907717976E-11
0.03125000000000003       3.4097825063424773E-11
0.03138297872340429       3.386596274712139E-11
0.03151595744680854       3.363617203152833E-11
0.0316489361702128        3.3408452819561616E-11
0.03178191489361705       3.3182805013843345E-11
0.03191489361702131       3.29592285167527E-11
0.03204787234042557       3.273772674062952E-11
0.03218085106382982       3.251814857970589E-11
0.03231382978723408       3.230049394926524E-11
0.03244680851063833       3.2084762764294294E-11
0.03257978723404258       3.187095493952425E-11
0.03271276595744684       3.165907038947392E-11
0.0328457446808511        3.144911235642649E-11
0.03297872340425535       3.124094474012718E-11
0.033111702127659605      3.103456746611992E-11
0.033244680851063864      3.082998045969356E-11
0.03337765957446812       3.062718364591689E-11
0.033510638297872375      3.042617694967538E-11
0.033643617021276634      3.0226964789512495E-11
0.033776595744680886      3.0029421381059613E-11
0.033909574468085145      2.983354665970331E-11
0.0340425531914894        2.9639340560593705E-11
0.03417553191489365       2.944680301867332E-11
0.03430851063829791       2.925593396870733E-11
0.03444148936170217       2.9066734901108052E-11
0.03457446808510642       2.8879093982241895E-11
0.03470744680851067       2.869301115567889E-11
0.03484042553191493       2.850848636477228E-11
0.03497340425531919       2.8325519552682496E-11
0.03510638297872344       2.814411066240237E-11
0.03523936170212769       2.796426229075841E-11
0.03537234042553195       2.7785870764057816E-11
0.035505319148936204      2.760893603415978E-11
0.035638297872340456      2.7433458052705055E-11
0.035771276595744715      2.7259436771134743E-11
0.03590425531914897       2.708687214070993E-11
0.03603723404255322       2.691576583489873E-11
0.03617021276595748       2.674602249381485E-11
0.03630319148936174       2.6577642075469874E-11
0.03643617021276599       2.6410624537667732E-11
0.03656914893617024       2.624496983801995E-11
0.0367021276595745        2.6080677933961638E-11
0.03683510638297876       2.591775576996468E-11
0.03696808510638302       2.575611124015151E-11
0.03710106382978726       2.559574430907378E-11
0.03723404255319152       2.5436654941069333E-11
0.03736702127659578       2.5278843100273348E-11
0.03750000000000003       2.512230875063022E-11
0.03763297872340429       2.4967057492652038E-11
0.037765957446808544      2.481300525914633E-11
0.037898936170212796      2.466015202000935E-11
0.03803191489361705       2.4508497744922437E-11
0.0381648936170213        2.43580424033602E-11
0.03829787234042556       2.4208785964599145E-11
0.03843085106382981       2.4060735762256395E-11
0.03856382978723407       2.3913812044917285E-11
0.03869680851063833       2.3768014787725974E-11
0.03882978723404258       2.3623343965607022E-11
0.03896276595744684       2.347979955327062E-11
0.03909574468085109       2.3337381525218175E-11
0.03922872340425535       2.3196095495343435E-11
0.039361702127659604      2.305586882260094E-11
0.039494680851063856      2.291670148662229E-11
0.039627659574468115      2.2778593466819595E-11
0.03976063829787237       2.2641544742388297E-11
0.03989361702127662       2.25055552923104E-11
0.04002659574468088       2.2370631475613118E-11
0.04015957446808513       2.2236704983412993E-11
0.04029255319148938       2.2103775800020032E-11
0.04042553191489364       2.1971843909527574E-11
0.0405585106382979        2.1840909295812967E-11
0.04069148936170215       2.1710971942538432E-11
0.040824468085106404      2.1582036948729825E-11
0.04095744680851066       2.145404159056761E-11
0.041090425531914915      2.132698585641122E-11
0.04122340425531917       2.120086973441398E-11
0.041356382978723426      2.1075693212522124E-11
0.04148936170212768       2.0951456278474033E-11
0.04162234042553194       2.0828164946733092E-11
0.04175531914893619       2.0705759661315946E-11
0.04188829787234045       2.058424041491614E-11
0.0420212765957447        2.0463607200041583E-11
0.04215425531914895       2.0343860009012216E-11
0.04228723404255321       2.0224998833957815E-11
0.04242021276595746       2.0107028237040985E-11
0.04255319148936172       1.9989893634408843E-11
0.042686170212765974      1.9873595022829535E-11
0.042819148936170226      1.9758132398916137E-11
0.042952127659574485      1.9643505759123488E-11
0.04308510638297874       1.9529715099745086E-11
0.043218085106382996      1.941676539932446E-11
0.04335106382978725       1.9304604994532698E-11
0.0434840425531915        1.9193233886754247E-11
0.04361702127659576       1.9082652077266776E-11
0.04375000000000001       1.8972859567237476E-11
0.04388297872340426       1.8863856357719364E-11
0.04401595744680852       1.8755646254559152E-11
0.044148936170212774      1.8648181737036187E-11
0.044281914893617026      1.854146281120025E-11
0.044414893617021285      1.843548948305631E-11
0.04454787234042554       1.8330261758560793E-11
0.044680851063829796      1.822577964361773E-11
0.04481382978723405       1.8122047386358842E-11
0.04494680851063831       1.8019019640949995E-11
0.04507978723404256       1.7916696418934462E-11
0.04521276595744681       1.7815077731898102E-11
0.04534574468085107       1.7714163591465973E-11
0.04547872340425532       1.761395400929882E-11
0.04561170212765958       1.751445245128783E-11
0.04574468085106383       1.7415616718583277E-11
0.04587765957446809       1.7317446828617206E-11
0.046010638297872344      1.721994279896921E-11
0.046143617021276596      1.7123104647363835E-11
0.046276595744680855      1.7026932391667798E-11
0.04640957446808511       1.6931430845061813E-11
0.046542553191489366      1.6836558558346943E-11
0.04667553191489362       1.674231555600676E-11
0.04680851063829787       1.6648701862809697E-11
0.04694148936170213       1.655571750380773E-11
0.04707446808510638       1.646336250433488E-11
0.04720744680851064       1.6371641744959843E-11
0.04734042553191489       1.6280516028723703E-11
0.047473404255319145      1.6189985388130284E-11
0.0476063829787234        1.610004985613188E-11
0.047739361702127656      1.6010709466129675E-11
0.04787234042553191       1.592196425197397E-11
0.04800531914893617       1.5833819814022414E-11
0.04813829787234042       1.5746237905068666E-11
0.04827127659574467       1.5659218567282107E-11
0.04840425531914893       1.5572761843485847E-11
0.04853723404255319       1.5486867777159518E-11
0.04867021276595744       1.540153641244183E-11
0.04880319148936169       1.5316773199726178E-11
0.04893617021276595       1.5232541844133762E-11
0.049069148936170204      1.5148842398968607E-11
0.049202127659574456      1.506567491842704E-11
0.049335106382978715      1.4983039457603358E-11
0.04946808510638297       1.490093607249524E-11
0.049601063829787226      1.48193706414617E-11
0.049734042553191485      1.4738308050038147E-11
0.04986702127659574       1.465774836497312E-11
0.049999999999999996      1.4577691654200368E-11
0.05013297872340424       1.449813798684821E-11
0.0502659574468085        1.4419087433248596E-11
0.05039893617021275       1.434054489264651E-11
0.05053191489361702       1.4262477820389477E-11
0.05066489361702126       1.4184886298785618E-11
0.05079787234042552       1.4107770411664346E-11
0.050930851063829774      1.403113024438999E-11
0.051063829787234026      1.3954965883875148E-11
0.051196808510638285      1.3879281989972617E-11
0.051329787234042544      1.3804047348585833E-11
0.05146276595744679       1.3729262060630865E-11
0.05159574468085105       1.3654926228948726E-11
0.0517287234042553        1.3581039958324347E-11
0.05186170212765956       1.35076033555052E-11
0.05199468085106381       1.3434620565065654E-11
0.05212765957446807       1.3362062151533636E-11
0.05226063829787232       1.3289928237336509E-11
0.052393617021276574      1.3218218947286177E-11
0.05252659574468083       1.3146934408604185E-11
0.052659574468085085      1.3076074750946491E-11
0.05279255319148934       1.3005644122153107E-11
0.052925531914893596      1.2935614117128299E-11
0.05305851063829785       1.2865984883572685E-11
0.0531914893617021        1.2796756572107949E-11
0.05332446808510636       1.2727929336309314E-11
0.05345744680851061       1.2659503332737646E-11
0.05359042553191487       1.259148183175043E-11
0.05372340425531913       1.2523838488822381E-11
0.05385638297872338       1.2456573481015303E-11
0.05398936170212764       1.2389686988928687E-11
0.054122340425531885      1.2323179196740788E-11
0.054255319148936144      1.225705029224939E-11
0.054388297872340396      1.2191303143427383E-11
0.05452127659574466       1.2125912571025164E-11
0.05465425531914891       1.2060878786409883E-11
0.054787234042553166      1.199620200520362E-11
0.05492021276595742       1.1931882447334873E-11
0.05505319148936167       1.1867920337089706E-11
0.05518617021276593       1.1804317586047744E-11
0.05531914893617019       1.1741051018055196E-11
0.055452127659574434      1.1678120884069404E-11
0.05558510638297869       1.1615527440122653E-11
0.055718085106382945      1.1553270947385794E-11
0.055851063829787204      1.1491351672231644E-11
0.055984042553191456      1.1429770127749552E-11
0.056117021276595715      1.1368505539008066E-11
0.05624999999999997       1.1307558203137446E-11
0.05638297872340422       1.1246928423299585E-11
0.05651595744680848       1.1186616508766288E-11
0.05664893617021273       1.1126622774997429E-11
0.05678191489361698       1.1066944593875312E-11
0.05691489361702124       1.10075649583613E-11
0.05704787234042549       1.09484842178649E-11
0.057180851063829745      1.0889702728894947E-11
0.057313829787234004      1.0831220855154799E-11
0.057446808510638256      1.0773038967637509E-11
0.057579787234042515      1.0715153420560044E-11
0.057712765957446774      1.0657548630208838E-11
0.057845744680851026      1.0600225005770265E-11
0.057978723404255285      1.0543182964748269E-11
0.05811170212765953       1.0486422933079675E-11
0.05824468085106379       1.0429945345249701E-11
0.05837765957446804       1.0373746401806178E-11
0.05851063829787231       1.0317811325168177E-11
0.05864361702127655       1.0262140593440466E-11
0.05877659574468081       1.0206734694459444E-11
0.05890957446808506       1.0151594125932814E-11
0.059042553191489315      1.0096719395579772E-11
0.059175531914893574      1.0042106762241856E-11
0.05930851063829783       9.987742020557908E-12
0.05944148936170208       9.933625727417258E-12
0.05957446808510634       9.879758451065184E-12
0.05970744680851059       9.826140771271794E-12
0.05984042553191485       9.77277327950172E-12
0.0599734042553191        9.719652365650089E-12
0.06010638297872336       9.666764292541891E-12
0.06023936170212761       9.614109707578006E-12
0.06037234042553186       9.561689271403025E-12
0.06050531914893612       9.509503658109466E-12
0.060638297872340374      9.457553555443317E-12
0.060771276595744626      9.40583506480522E-12
0.060904255319148885      9.354335403917929E-12
0.061037234042553144      9.303055323500927E-12
0.06117021276595739       9.25199558969464E-12
0.061303191489361655      9.201156984306974E-12
0.06143617021276591       9.150540305061847E-12
0.061569148936170166      9.100141095500558E-12
0.06170212765957441       9.049947705798385E-12
0.06183510638297867       8.999961003755228E-12
0.061968085106382916      8.95018187508363E-12
0.06210106382978717       8.900611223705631E-12
0.062234042553191427      8.851249972052375E-12
0.06236702127659568       8.802093378047271E-12
0.06249999999999994       8.753130693248936E-12
0.0626329787234042        8.704362919096178E-12
0.06276595744680845       8.655791077830976E-12
0.06289893617021271       8.60741621285572E-12
0.06303191489361697       8.55923938909411E-12
0.06316489361702123       8.51125509722149E-12
0.06329787234042548       8.46345402010701E-12
0.06343085106382973       8.415837310884725E-12
0.06356382978723397       8.368406146822887E-12
0.06369680851063823       8.321161729752768E-12
0.06382978723404249       8.274105286502305E-12
0.06396276595744675       8.227230458328745E-12
0.06409574468085101       8.180529346141729E-12
0.06422872340425526       8.13400327408084E-12
0.06436170212765951       8.08765359423038E-12
0.06449468085106376       8.041481687132313E-12
0.06462765957446802       7.995488962305326E-12
0.06476063829787228       7.94966892051128E-12
0.06489361702127654       7.904014555474673E-12
0.06502659574468078       7.858527385350667E-12
0.06515957446808504       7.813208960637918E-12
0.06529255319148929       7.768060864790249E-12
0.06542553191489354       7.723084714835895E-12
0.0655585106382978        7.678272727000788E-12
0.06569148936170206       7.633620055747525E-12
0.06582446808510632       7.589128437285092E-12
0.06595744680851058       7.544799645174444E-12
0.06609042553191483       7.500635491053336E-12
0.06622340425531908       7.456637825370294E-12
0.06635638297872334       7.412797504603361E-12
0.0664893617021276        7.369111764050658E-12
0.06662234042553185       7.325582583757087E-12
0.06675531914893611       7.28221198679168E-12
0.06688829787234035       7.2390020401007125E-12
0.06702127659574461       7.1959548553714365E-12
0.06715425531914887       7.153060985894359E-12
0.06728723404255312       7.1103189545785095E-12
0.06742021276595737       7.067731014186429E-12
0.06755319148936163       7.0252994669086974E-12
0.06768617021276589       6.983026665359289E-12
0.06781914893617014       6.940915013582667E-12
0.0679521276595744        6.8989536436071E-12
0.06808510638297864       6.857143761502234E-12
0.0682180851063829        6.815487921078602E-12
0.06835106382978716       6.773988732642465E-12
0.0684840425531914        6.7326488641411475E-12
0.06861702127659566       6.691471042320408E-12
0.06874999999999992       6.650442371612376E-12
0.06888297872340418       6.609567388722529E-12
0.06901595744680843       6.568848974257817E-12
0.06914893617021269       6.528290072912782E-12
0.06928191489361693       6.487893694763185E-12
0.06941489361702119       6.4476629165705466E-12
0.06954787234042545       6.407583557194577E-12
0.06968085106382971       6.367662961399765E-12
0.06981382978723395       6.327904359469568E-12
0.06994680851063821       6.288311053690235E-12
0.07007978723404247       6.248886419776418E-12
0.07021276595744673       6.209633908304128E-12
0.07034574468085099       6.170538125458334E-12
0.07047872340425525       6.13160961709072E-12
0.07061170212765949       6.092851977849488E-12
0.07074468085106375       6.054268882169542E-12
0.070877659574468         6.015864085787531E-12
0.07101063829787226       5.9776414272569716E-12
0.07114361702127651       5.939583858409458E-12
0.07127659574468077       5.901706017587813E-12
0.07140957446808502       5.864011862236875E-12
0.07154255319148926       5.826505436450457E-12
0.07167553191489352       5.789190872494688E-12
0.07180851063829778       5.75207239231884E-12
0.07194148936170204       5.715132242594362E-12
0.0720744680851063        5.678389141532305E-12
0.07220744680851054       5.641847380126156E-12
0.0723404255319148        5.605511340622266E-12
0.07247340425531905       5.569385497911656E-12
0.07260638297872331       5.5334744208896725E-12
0.07273936170212757       5.49775871345587E-12
0.07287234042553183       5.46226356412121E-12
0.07300531914893607       5.426993524383165E-12
0.07313829787234033       5.39195323725373E-12
0.07327127659574457       5.357147438300424E-12
0.07340425531914883       5.322580956627291E-12
0.07353723404255309       5.28823891776524E-12
0.07367021276595735       5.2541486226579134E-12
0.07380319148936161       5.220314790252621E-12
0.07393617021276587       5.1867422251134355E-12
0.07406914893617011       5.153435817817876E-12
0.07420212765957437       5.120400545257529E-12
0.07433510638297865       5.08763425122698E-12
0.07446808510638292       5.055162333771981E-12
0.07460106382978719       5.02298966851873E-12
0.07473404255319145       4.99112120407231E-12
0.07486702127659572       4.95956196137279E-12
0.075                     4.928317032908833E-12
