% Model:              pcal_mirror_deformation_2d.mph
% Version:            COMSOL 5.6.0.401
% Date:               Oct 24 2025, 11:34
% Dimension:          1
% Nodes:              565
% Expressions:        1
% Description:        Line graph
% R                       Height
0                         5.7608225009986625E-9
1.329787234042553E-4      5.476063671695174E-9
2.659574468085106E-4      5.1426344530840844E-9
3.9893617021276594E-4     4.759371461548488E-9
5.319148936170212E-4      4.325369403253993E-9
6.648936170212766E-4      3.83999162358407E-9
7.978723404255319E-4      3.30294844588368E-9
9.308510638297872E-4      2.883647627962022E-9
0.0010638297872340424     2.5151026104367087E-9
0.0011968085106382976     2.1967711667936785E-9
0.0013297872340425527     1.9279739511788522E-9
0.0014627659574468082     1.7079648195224332E-9
0.0015957446808510635     1.5361110275866747E-9
0.0017287234042553188     1.4092584751960063E-9
0.0018617021276595743     1.295647067904772E-9
0.00199468085106383       1.1952531520968629E-9
0.002127659574468085      1.1080564628791675E-9
0.0022606382978723407     1.034044357792952E-9
0.002393617021276596      9.732169455829233E-10
0.0025265957446808517     9.204418875106022E-10
0.0026595744680851063     8.715719955804366E-10
0.002792553191489362      8.26604854651561E-10
0.002925531914893617      7.855384314525321E-10
0.0030585106382978724     7.483712953202026E-10
0.0031914893617021275     7.151028692616089E-10
0.003324468085106383      6.853387221059372E-10
0.0034574468085106385     6.573602929840044E-10
0.0035904255319148936     6.311670037634106E-10
0.0037234042553191487     6.0675834715794E-10
0.003856382978723404      5.841339181127169E-10
0.00398936170212766       5.632934487855782E-10
0.004122340425531916      5.441457183928378E-10
0.004255319148936171      5.25968604744088E-10
0.004388297872340427      5.087618992750397E-10
0.004521276595744682      4.925254125739283E-10
0.004654255319148938      4.772589816850229E-10
0.004787234042553192      4.629624781625857E-10
0.004920212765957448      4.495997178751162E-10
0.005053191489361703      4.368290127244765E-10
0.005186170212765958      4.2465027947669063E-10
0.0053191489361702135     4.1306343932734654E-10
0.005452127659574469      4.020684197326352E-10
0.0055851063829787245     3.916651564316416E-10
0.00571808510638298       3.8182064548688126E-10
0.0058510638297872355     3.7235947709068347E-10
0.00598404255319149       3.632816000560133E-10
0.006117021276595746      3.545869652977364E-10
0.00625                   3.4627552665142286E-10
0.006382978723404256      3.3834724177148905E-10
0.006515957446808511      3.3079003633504847E-10
0.006648936170212767      3.2349708175251503E-10
0.0067819148936170215     3.164683499801942E-10
0.006914893617021276      3.0970381352715804E-10
0.0070478723404255325     3.032034457588695E-10
0.007180851063829787      2.9696722123166116E-10
0.007313829787234043      2.9098516763288623E-10
0.007446808510638298      2.851922181107332E-10
0.007579787234042554      2.795883534090282E-10
0.007712765957446809      2.7417355452628706E-10
0.007845744680851065      2.6894780287583387E-10
0.00797872340425532       2.639110804615032E-10
0.008111702127659576      2.590594736151837E-10
0.008244680851063831      2.543478517060944E-10
0.008377659574468085      2.497762020032106E-10
0.00851063829787234       2.453445118151007E-10
0.008643617021276596      2.410527685673724E-10
0.008776595744680852      2.36900959887906E-10
0.008909574468085107      2.3288684926642313E-10
0.009042553191489363      2.289793358427575E-10
0.009175531914893618      2.251784102879976E-10
0.009308510638297874      2.214840632659322E-10
0.00944148936170213       2.1789628547808073E-10
0.009574468085106385      2.1441506771316196E-10
0.009707446808510642      2.110396574970123E-10
0.009840425531914896      2.077472269477245E-10
0.009973404255319151      2.0453776921282933E-10
0.010106382978723407      2.01411277401685E-10
0.010239361702127662      1.9836774461120965E-10
0.010372340425531918      1.9540716395419448E-10
0.010505319148936175      1.9252889550213076E-10
0.010638297872340429      1.8971663913488612E-10
0.010771276595744684      1.869703895569625E-10
0.01090425531914894       1.8429014143223978E-10
0.011037234042553195      1.8167588940029173E-10
0.01117021276595745       1.7912762809431824E-10
0.011303191489361706      1.7664487432162163E-10
0.011436170212765962      1.7421542746152439E-10
0.011569148936170217      1.7183928340776936E-10
0.011702127659574473      1.6951643801209974E-10
0.011835106382978727      1.6724688709449583E-10
0.011968085106382982      1.650306264544391E-10
0.01210106382978724       1.6286714341263216E-10
0.012234042553191495      1.607473522429198E-10
0.012367021276595749      1.5867124958162644E-10
0.012500000000000006      1.5663883202974173E-10
0.01263297872340426       1.546500961601507E-10
0.012765957446808515      1.5270503852556722E-10
0.012898936170212772      1.508034371987486E-10
0.013031914893617028      1.489380740035567E-10
0.013164893617021282      1.4710894624036315E-10
0.013297872340425539      1.453160511773014E-10
0.013430851063829793      1.4355938605510774E-10
0.013563829787234048      1.4183894809243827E-10
0.013696808510638305      1.4015444723050933E-10
0.013829787234042561      1.3850037872105935E-10
0.013962765957446815      1.3687674030602017E-10
0.014095744680851072      1.3528352970038705E-10
0.014228723404255326      1.3372074459578283E-10
0.014361702127659581      1.321883826643631E-10
0.014494680851063839      1.3068625154317278E-10
0.014627659574468094      1.2920988260244451E-10
0.014760638297872348      1.2775927397099823E-10
0.014893617021276605      1.2633442375426207E-10
0.015026595744680859      1.2493533003682054E-10
0.015159574468085114      1.235619908852058E-10
0.01529255319148937       1.222142625915679E-10
0.015425531914893627      1.208885645183436E-10
0.01555851063829788       1.195848950651511E-10
0.015691489361702136      1.1830325261226917E-10
0.015824468085106392      1.170436355226083E-10
0.015957446808510647      1.1580604214386358E-10
0.016090425531914903      1.1459042274887473E-10
0.01622340425531916       1.1339376981209442E-10
0.016356382978723414      1.1221608196974614E-10
0.01648936170212767       1.1105735784164718E-10
0.016622340425531925      1.0991759603271098E-10
0.01675531914893618       1.0879679513458515E-10
0.016888297872340436      1.0769488008235296E-10
0.01702127659574469       1.0660944043332167E-10
0.017154255319148947      1.0554047500813187E-10
0.017287234042553203      1.0448798261375456E-10
0.017420212765957458      1.0345196204468476E-10
0.017553191489361714      1.0243241208423924E-10
0.01768617021276597       1.0142927541854625E-10
0.017819148936170225      1.0044052004594578E-10
0.01795212765957448       9.946614494968166E-11
0.018085106382978736      9.850614910140294E-11
0.01821808510638299       9.756053146210043E-11
0.018351063829787247      9.662929098312354E-11
0.018484042553191502      9.571236331734478E-11
0.018617021276595758      9.480808006018916E-11
0.018750000000000013      9.39164403186023E-11
0.01888297872340427       9.303744318992736E-11
0.019015957446808524      9.217108776267869E-11
0.01914893617021278       9.131737311737891E-11
0.019281914893617035      9.047625056915194E-11
0.01941489361702129       8.964629730857568E-11
0.019547872340425546      8.882751255961835E-11
0.019680851063829802      8.801989553809383E-11
0.019813829787234057      8.722344545228292E-11
0.019946808510638313      8.643816150360439E-11
0.02007978723404257       8.566398336093996E-11
0.020212765957446824      8.489972222530192E-11
0.02034574468085108       8.414537740487954E-11
0.020478723404255335      8.340094820118353E-11
0.02061170212765959       8.266643390957916E-11
0.020744680851063846      8.194183381985979E-11
0.0208776595744681        8.122712478302613E-11
0.021010638297872357      8.052126150934456E-11
0.021143617021276612      7.9824243400664E-11
0.021276595744680868      7.91360698530668E-11
0.021409574468085123      7.845674025729356E-11
0.02154255319148938       7.778625399919941E-11
0.021675531914893634      7.712457321940163E-11
0.02180851063829789       7.647081846126996E-11
0.021941489361702145      7.582498919016551E-11
0.0220744680851064        7.518708486672214E-11
0.022207446808510656      7.455710494721481E-11
0.022340425531914912      7.393504888395447E-11
0.022473404255319167      7.332090192635942E-11
0.022606382978723423      7.271388188012518E-11
0.02273936170212768       7.211398827158334E-11
0.022872340425531934      7.152122062312116E-11
0.02300531914893619       7.093557845349474E-11
0.023138297872340445      7.035706127816331E-11
0.0232712765957447        6.978564492661738E-11
0.023404255319148956      6.922066705315907E-11
0.02353723404255321       6.866212723469521E-11
0.023670212765957464      6.811002504490115E-11
0.023803191489361723      6.756436005449332E-11
0.023936170212765978      6.702513183151977E-11
0.024069148936170234      6.649232707722678E-11
0.02420212765957449       6.596535241105969E-11
0.024335106382978745      6.544420745894293E-11
0.024468085106382997      6.4928891844098E-11
0.024601063829787256      6.441940518727511E-11
0.02473404255319151       6.391574710699942E-11
0.024867021276595767      6.34179068828999E-11
0.025000000000000022      6.292536622084062E-11
0.025132978723404278      6.2438124785815E-11
0.02526595744680853       6.195618224062615E-11
0.02539893617021279       6.147953824609049E-11
0.025531914893617044      6.100819246125417E-11
0.0256648936170213        6.05421462295811E-11
0.02579787234042556       6.008093094698163E-11
0.02593085106382981       5.962454631864744E-11
0.02606382978723407       5.91729920479242E-11
0.026196808510638325      5.872626783648368E-11
0.02632978723404258       5.828437338450624E-11
0.026462765957446836      5.784730668927819E-11
0.026595744680851092      5.741465786287736E-11
0.026728723404255347      5.698642664169014E-11
0.026861702127659603      5.656261276061656E-11
0.02699468085106386       5.614321595322218E-11
0.027127659574468114      5.5728235951898595E-11
0.02726063829787237       5.531768176419768E-11
0.027393617021276625      5.4911176416174614E-11
0.02752659574468088       5.4508719675123424E-11
0.027659574468085136      5.4110311307100276E-11
0.02779255319148939       5.3715951077053327E-11
0.027925531914893647      5.332563874895989E-11
0.028058510638297902      5.293938093462512E-11
0.028191489361702158      5.2556844750666035E-11
0.02832446808510641       5.217802998990458E-11
0.028457446808510665      5.180293644416386E-11
0.02859042553191492       5.143156390438195E-11
0.028723404255319177      5.1063912160731797E-11
0.028856382978723432      5.069999197776014E-11
0.028989361702127688      5.033949963723095E-11
0.029122340425531943      4.9982434955411154E-11
0.029255319148936195      4.962879774775177E-11
0.029388297872340454      4.9278587828986653E-11
0.02952127659574471       4.893180501323636E-11
0.029654255319148965      4.8588453828534386E-11
0.02978723404255322       4.8248269153300036E-11
0.029920212765957476      4.7911250824135745E-11
0.030053191489361728      4.757739867699023E-11
0.030186170212765987      4.724671254724515E-11
0.030319148936170243      4.691919226980595E-11
0.030452127659574498      4.659484508945674E-11
0.030585106382978754      4.627342718214601E-11
0.03071808510638301       4.5954938403906685E-11
0.03085106382978726       4.5639378610227475E-11
0.03098404255319152       4.532674765612718E-11
0.031117021276595776      4.501704539623259E-11
0.03125000000000003       4.471027487074938E-11
0.03138297872340429       4.4406221580701445E-11
0.03151595744680854       4.4104885398974106E-11
0.0316489361702128        4.3806266198003953E-11
0.03178191489361705       4.351036384984294E-11
0.03191489361702131       4.321717822622555E-11
0.03204787234042557       4.292671381235607E-11
0.03218085106382982       4.263877235693832E-11
0.03231382978723408       4.235335374867049E-11
0.03244680851063833       4.207045787586235E-11
0.03257978723404258       4.179008462648942E-11
0.03271276595744684       4.151223388824969E-11
0.0328457446808511        4.123690992241504E-11
0.03297872340425535       4.09639341708501E-11
0.033111702127659605      4.0693306535744707E-11
0.033244680851063864      4.042502691895487E-11
0.03337765957446812       4.015909522204887E-11
0.033510638297872375      3.9895511346355547E-11
0.033643617021276634      3.963428109342418E-11
0.033776595744680886      3.9375239446644995E-11
0.033909574468085145      3.911838632114541E-11
0.0340425531914894        3.8863721631743474E-11
0.03417553191489365       3.8611245292985736E-11
0.03430851063829791       3.836095721918709E-11
0.03444148936170217       3.8112859369902104E-11
0.03457446808510642       3.7866805034787344E-11
0.03470744680851067       3.762279413972654E-11
0.03484042553191493       3.738082661031972E-11
0.03497340425531919       3.7140902371914864E-11
0.03510638297872344       3.690302134964093E-11
0.03523936170212769       3.6667186952896374E-11
0.03537234042553195       3.6433263181168284E-11
0.035505319148936204      3.6201249971231375E-11
0.035638297872340456      3.5971147259574526E-11
0.035771276595744715      3.574295498242542E-11
0.03590425531914897       3.551667307577639E-11
0.03603723404255322       3.5292303736999624E-11
0.03617021276595748       3.5069721875333124E-11
0.03630319148936174       3.484892743563592E-11
0.03643617021276599       3.462992036249526E-11
0.03656914893617024       3.441270060024673E-11
0.0367021276595745        3.419726809299519E-11
0.03683510638297876       3.398363195122618E-11
0.03696808510638302       3.3771671356570807E-11
0.03710106382978726       3.356138626247815E-11
0.03723404255319152       3.335277662211734E-11
0.03736702127659578       3.314584238839227E-11
0.03750000000000003       3.294058351395724E-11
0.03763297872340429       3.273700734625703E-11
0.037765957446808544      3.2535003613977197E-11
0.037898936170212796      3.233457227758625E-11
0.03803191489361705       3.2135713297271256E-11
0.0381648936170213        3.193842663294863E-11
0.03829787234042556       3.174271224427552E-11
0.03843085106382981       3.154857975082076E-11
0.03856382978723407       3.135592454548354E-11
0.03869680851063833       3.11647465956225E-11
0.03882978723404258       3.0975045868308726E-11
0.03896276595744684       3.07868223303325E-11
0.03909574468085109       3.06000759482107E-11
0.03922872340425535       3.041481408551565E-11
0.039361702127659604      3.0230941463564425E-11
0.039494680851063856      3.004845805560664E-11
0.039627659574468115      2.9867363834604286E-11
0.03976063829787237       2.9687658773235546E-11
0.03989361702127662       2.950934284389896E-11
0.04002659574468088       2.9332424386757414E-11
0.04015957446808513       2.915681380763486E-11
0.04029255319148938       2.898251108592022E-11
0.04042553191489364       2.880951620071845E-11
0.0405585106382979        2.8637829130851418E-11
0.04069148936170215       2.8467449854859062E-11
0.040824468085106404      2.82983850601696E-11
0.04095744680851066       2.8130552479557533E-11
0.041090425531914915      2.7963952097724646E-11
0.04122340425531917       2.7798583899102477E-11
0.041356382978723426      2.7634447867851087E-11
0.04148936170212768       2.7471543987858022E-11
0.04162234042553194       2.7309880146630736E-11
0.04175531914893619       2.7149378233649023E-11
0.04188829787234045       2.6990038239299094E-11
0.0420212765957447        2.683186015372359E-11
0.04215425531914895       2.6674843966818656E-11
0.04228723404255321       2.651898966823101E-11
0.04242021276595746       2.6364303240598263E-11
0.04255319148936172       2.6210713095830878E-11
0.042686170212765974      2.6058219229657722E-11
0.042819148936170226      2.590682163760415E-11
0.042952127659574485      2.5756520314987858E-11
0.04308510638297874       2.5607315256914786E-11
0.043218085106382996      2.545921299171794E-11
0.04335106382978725       2.5312145763033414E-11
0.0434840425531915        2.516611357264145E-11
0.04361702127659576       2.502111642218196E-11
0.04375000000000001       2.4877154313149688E-11
0.04388297872340426       2.473422724688937E-11
0.04401595744680852       2.4592340213771797E-11
0.044148936170212774      2.445143089138571E-11
0.044281914893617026      2.4311499287625747E-11
0.044414893617021285      2.4172545410327355E-11
0.04454787234042554       2.4034569267261895E-11
0.044680851063829796      2.3897570866131594E-11
0.04481382978723405       2.3761555777067972E-11
0.04494680851063831       2.3626464531055987E-11
0.04507978723404256       2.3492297143188986E-11
0.04521276595744681       2.3359053628615583E-11
0.04534574468085107       2.3226734002535197E-11
0.04547872340425532       2.3095338280193477E-11
0.04561170212765958       2.296487100588131E-11
0.04574468085106383       2.2835276838442188E-11
0.04587765957446809       2.2706555800685268E-11
0.046010638297872344      2.2578707915612457E-11
0.046143617021276596      2.2451733206414982E-11
0.046276595744680855      2.2325631696469768E-11
0.04640957446808511       2.220040969672737E-11
0.046542553191489366      2.2076012850009138E-11
0.04667553191489362       2.1952441188363026E-11
0.04680851063829787       2.1829694744209623E-11
0.04694148936170213       2.1707773550340405E-11
0.04707446808510638       2.1586677639915773E-11
0.04720744680851064       2.1466413412373726E-11
0.04734042553191489       2.1346929464692097E-11
0.047473404255319145      2.1228225839426524E-11
0.0476063829787234        2.111030257971965E-11
0.047739361702127656      2.0993159729301624E-11
0.04787234042553191       2.087679733249042E-11
0.04800531914893617       2.0761222732467733E-11
0.04813829787234042       2.06463857724068E-11
0.04827127659574467       2.0532286507526546E-11
0.04840425531914893       2.0418924993901817E-11
0.04853723404255319       2.0306301288467056E-11
0.04867021276595744       2.0194415449019624E-11
0.04880319148936169       2.0083274622144417E-11
0.04893617021276595       1.997283121170809E-11
0.049069148936170204      1.9863085287517674E-11
0.049202127659574456      1.9754036920548718E-11
0.049335106382978715      1.9645686182952747E-11
0.04946808510638297       1.9538033148064328E-11
0.049601063829787226      1.9431085523550208E-11
0.049734042553191485      1.9324797261778076E-11
0.04986702127659574       1.921916845016976E-11
0.049999999999999996      1.911419917769945E-11
0.05013297872340424       1.900988953490597E-11
0.0502659574468085        1.890623961390464E-11
0.05039893617021275       1.8803255838485015E-11
0.05053191489361702       1.8700895531280388E-11
0.05066489361702126       1.8599158800098946E-11
0.05079787234042552       1.8498045754741673E-11
0.050930851063829774      1.8397556507020195E-11
0.051063829787234026      1.8297691170774248E-11
0.051196808510638285      1.8198455855752458E-11
0.051329787234042544      1.8099809629824276E-11
0.05146276595744679       1.800175262517896E-11
0.05159574468085105       1.7904284976527557E-11
0.0517287234042553        1.7807406821127715E-11
0.05186170212765956       1.771111829880813E-11
0.05199468085106381       1.7615424843758202E-11
0.05212765957446807       1.7520287856398644E-11
0.05226063829787232       1.7425707497104582E-11
0.052393617021276574      1.7331683929375215E-11
0.05252659574468083       1.7238217319866705E-11
0.052659574468085085      1.7145307838424623E-11
0.05279255319148934       1.705296092336714E-11
0.052925531914893596      1.6961139326653534E-11
0.05305851063829785       1.6869843241774833E-11
0.0531914893617021        1.677907286604927E-11
0.05332446808510636       1.6688828400664816E-11
0.05345744680851061       1.659911005072127E-11
0.05359042553191487       1.6509922104018395E-11
0.05372340425531913       1.642123001467184E-11
0.05385638297872338       1.633303401464592E-11
0.05398936170212764       1.6245334340540248E-11
0.054122340425531885      1.6158131233643564E-11
0.054255319148936144      1.6071424939987172E-11
0.054388297872340396      1.598521921961923E-11
0.05452127659574466       1.589948105494046E-11
0.05465425531914891       1.5814210722867934E-11
0.054787234042553166      1.572940850589403E-11
0.05492021276595742       1.564507469215386E-11
0.05505319148936167       1.5561209575492325E-11
0.05518617021276593       1.5477815661979325E-11
0.05531914893617019       1.5394862560697396E-11
0.055452127659574434      1.531235060044251E-11
0.05558510638297869       1.523028011666058E-11
0.055718085106382945      1.5148651451530846E-11
0.055851063829787204      1.506746495404896E-11
0.055984042553191456      1.4986721296309455E-11
0.056117021276595715      1.490639323633477E-11
0.05624999999999997       1.4826481163426755E-11
0.05638297872340422       1.4746985474791033E-11
0.05651595744680848       1.4667906575639543E-11
0.05664893617021273       1.4589244879292967E-11
0.05678191489361698       1.4510996938914197E-11
0.05691489361702124       1.4433140453293341E-11
0.05704787234042549       1.4355675880240745E-11
0.057180851063829745      1.427860368686978E-11
0.057313829787234004      1.4201924349721569E-11
0.057446808510638256      1.4125638354889723E-11
0.057579787234042515      1.4049740921115609E-11
0.057712765957446774      1.3974211613585992E-11
0.057845744680851026      1.389905096844566E-11
0.057978723404255285      1.3824259532738975E-11
0.05811170212765953       1.3749837864560971E-11
0.05824468085106379       1.3675786533208743E-11
0.05837765957446804       1.36021005559322E-11
0.05851063829787231       1.3528760554978421E-11
0.05864361702127655       1.3455767156807098E-11
0.05877659574468081       1.3383121000630659E-11
0.05890957446808506       1.3310822738597345E-11
0.059042553191489315      1.3238873035974896E-11
0.059175531914893574      1.3167266986476195E-11
0.05930851063829783       1.309598596263991E-11
0.05944148936170208       1.3025030694170661E-11
0.05957446808510634       1.2954401925654555E-11
0.05970744680851059       1.2884100416780495E-11
0.05984042553191485       1.2814126942562586E-11
0.0599734042553191        1.2744476768546241E-11
0.06010638297872336       1.267513188114346E-11
0.06023936170212761       1.2606093128672591E-11
0.06037234042553186       1.2537361376807461E-11
0.06050531914893612       1.2468937508845004E-11
0.060638297872340374      1.2400822425974643E-11
0.060771276595744626      1.2333011015468196E-11
0.060904255319148885      1.2265486515754812E-11
0.061037234042553144      1.2198249910550765E-11
0.06117021276595739       1.2131302203781141E-11
0.061303191489361655      1.2064644419902984E-11
0.06143617021276591       1.1998277604230974E-11
0.061569148936170166      1.1932195912539015E-11
0.06170212765957441       1.1866384068076604E-11
0.06183510638297867       1.1800843207993201E-11
0.061968085106382916      1.173557449291257E-11
0.06210106382978717       1.1670579107321864E-11
0.062234042553191427      1.1605858259964256E-11
0.06236702127659568       1.1541405732001124E-11
0.06249999999999994       1.1477207428564305E-11
0.0626329787234042        1.1413264661937111E-11
0.06276595744680845       1.1349578771665368E-11
0.06289893617021271       1.1286151125025616E-11
0.06303191489361697       1.1222983117498112E-11
0.06316489361702123       1.1160067524156553E-11
0.06329787234042548       1.1097392126777288E-11
0.06343085106382973       1.1034958436441139E-11
0.06356382978723397       1.0972767995856977E-11
0.06369680851063823       1.0910822379923762E-11
0.06382978723404249       1.0849123196298866E-11
0.06396276595744675       1.0787662106220665E-11
0.06409574468085101       1.0726428750681803E-11
0.06422872340425526       1.0665424864867535E-11
0.06436170212765951       1.0604652220585168E-11
0.06449468085106376       1.0544112626936355E-11
0.06462765957446802       1.0483807930997416E-11
0.06476063829787228       1.0423729609541468E-11
0.06489361702127654       1.036386847425059E-11
0.06502659574468078       1.0304226514570773E-11
0.06515957446808504       1.0244805762335136E-11
0.06529255319148929       1.0185608292565634E-11
0.06542553191489354       1.012663622428472E-11
0.0655585106382978        1.0067879349765177E-11
0.06569148936170206       1.0009331313796128E-11
0.06582446808510632       9.95099439158868E-12
0.06595744680851058       9.892870907305362E-12
0.06609042553191483       9.834963235010216E-12
0.06622340425531908       9.777273799630866E-12
0.06635638297872334       9.719790610316115E-12
0.0664893617021276        9.662510040177581E-12
0.06662234042553185       9.60543468398194E-12
0.06675531914893611       9.5485671928817E-12
0.06688829787234035       9.491910275533499E-12
0.06702127659574461       9.435466699230298E-12
0.06715425531914887       9.379224075203507E-12
0.06728723404255312       9.323180464967685E-12
0.06742021276595737       9.267338820699805E-12
0.06755319148936163       9.211702159356557E-12
0.06768617021276589       9.156273563979165E-12
0.06781914893617014       9.101056185013609E-12
0.0679521276595744        9.046035769757656E-12
0.06808510638297864       8.991213897936196E-12
0.0682180851063829        8.93659391627125E-12
0.06835106382978716       8.882179245529073E-12
0.0684840425531914        8.827973382021682E-12
0.06861702127659566       8.77397989912421E-12
0.06874999999999992       8.720181885206395E-12
0.06888297872340418       8.666585287180834E-12
0.06901595744680843       8.61319388006886E-12
0.06914893617021269       8.560011522888483E-12
0.06928191489361693       8.507042160350513E-12
0.06941489361702119       8.454289824569045E-12
0.06954787234042545       8.401735917794363E-12
0.06968085106382971       8.349390069119093E-12
0.06981382978723395       8.297256511864666E-12
0.06994680851063821       8.24533957372679E-12
0.07007978723404247       8.193643678644875E-12
0.07021276595744673       8.142173348681159E-12
0.07034574468085099       8.090908395547893E-12
0.07047872340425525       8.039862645958217E-12
0.07061170212765949       7.989040810806524E-12
0.07074468085106375       7.93844770556893E-12
0.070877659574468         7.888088252290343E-12
0.07101063829787226       7.837967481571742E-12
0.07114361702127651       7.788063035556536E-12
0.07127659574468077       7.738394107472204E-12
0.07140957446808502       7.688965883763631E-12
0.07154255319148926       7.639783664459463E-12
0.07167553191489352       7.590852865170615E-12
0.07180851063829778       7.542179019072521E-12
0.07194148936170204       7.493738843583466E-12
0.0720744680851063        7.445556881996986E-12
0.07220744680851054       7.397638758022635E-12
0.0723404255319148        7.349990214999E-12
0.07247340425531905       7.30261711772053E-12
0.07260638297872331       7.2555254542223795E-12
0.07273936170212757       7.208689787871695E-12
0.07287234042553183       7.162143146801277E-12
0.07300531914893607       7.115891496315034E-12
0.07313829787234033       7.069940921703682E-12
0.07327127659574457       7.024297629612576E-12
0.07340425531914883       6.97896794933108E-12
0.07353723404255309       6.9339323735787444E-12
0.07367021276595735       6.8892267009293845E-12
0.07380319148936161       6.844857116410185E-12
0.07393617021276587       6.800829917324065E-12
0.07406914893617011       6.757151513773842E-12
0.07420212765957437       6.713828429060656E-12
0.07433510638297865       6.6708578344688856E-12
0.07446808510638292       6.628273032465668E-12
0.07460106382978719       6.586080413823948E-12
0.07473404255319145       6.544286465052513E-12
0.07486702127659572       6.502897767557015E-12
0.075                     6.461920996614391E-12
