% Model:              pcal_mirror_deformation_2d.mph
% Version:            COMSOL 5.6.0.401
% Date:               Oct 24 2025, 11:18
% Dimension:          1
% Nodes:              565
% Expressions:        1
% Description:        Line graph
% R                       Height
0                         5.320354243436148E-10
1.329787234042553E-4      5.319091862972915E-10
2.659574468085106E-4      5.315999680161563E-10
3.9893617021276594E-4     5.311077186408224E-10
5.319148936170212E-4      5.304324003335689E-10
6.648936170212766E-4      5.295739882080756E-10
7.978723404255319E-4      5.285324703259627E-10
9.308510638297872E-4      5.272617104513607E-10
0.0010638297872340424     5.258180123028763E-10
0.0011968085106382976     5.242013187657696E-10
0.0013297872340425527     5.224115849383583E-10
0.0014627659574468082     5.204487781724414E-10
0.0015957446808510635     5.183128781758527E-10
0.0017287234042553188     5.159576902450169E-10
0.0018617021276595743     5.13450725744294E-10
0.00199468085106383       5.107919029692095E-10
0.002127659574468085      5.079811510078137E-10
0.0022606382978723407     5.050184098115086E-10
0.002393617021276596      5.019036303174338E-10
0.0025265957446808517     4.985935739871842E-10
0.0026595744680851063     4.95159484671907E-10
0.002792553191489362      4.916012599409977E-10
0.002925531914893617      4.879188062424951E-10
0.0030585106382978724     4.841120389894072E-10
0.0031914893617021275     4.801808826845627E-10
0.003324468085106383      4.760925440100272E-10
0.0034574468085106385     4.719111584822098E-10
0.0035904255319148936     4.676365981888623E-10
0.0037234042553191487     4.632687419435818E-10
0.003856382978723404      4.5880747535286477E-10
0.00398936170212766       4.542526909076124E-10
0.004122340425531916      4.4958287234416355E-10
0.004255319148936171      4.44853477008847E-10
0.004388297872340427      4.400643587940531E-10
0.004521276595744682      4.352153759537034E-10
0.004654255319148938      4.303063911490022E-10
0.004787234042553192      4.2533727150614534E-10
0.004920212765957448      4.202986272149763E-10
0.005053191489361703      4.1523149691222047E-10
0.005186170212765958      4.101357119835234E-10
0.0053191489361702135     4.0501110595677985E-10
0.005452127659574469      3.9985751451899835E-10
0.0055851063829787245     3.946747755361484E-10
0.00571808510638298       3.894675990924787E-10
0.0058510638297872355     3.8426095648526513E-10
0.00598404255319149       3.7905467256859414E-10
0.006117021276595746      3.73848572317683E-10
0.00625                   3.686424808387215E-10
0.006382978723404256      3.63436223378716E-10
0.006515957446808511      3.582409251117362E-10
0.006648936170212767      3.5307007461148203E-10
0.0067819148936170215     3.4792348764852514E-10
0.006914893617021276      3.4280097857027546E-10
0.0070478723404255325     3.377023603254107E-10
0.007180851063829787      3.326274444910442E-10
0.007313829787234043      3.2759510998116176E-10
0.007446808510638298      3.226056001430077E-10
0.007579787234042554      3.176587322784992E-10
0.007712765957446809      3.127543212745093E-10
0.007845744680851065      3.0789217966466765E-10
0.00797872340425532       3.0307211770098684E-10
0.008111702127659576      2.9831518647841765E-10
0.008244680851063831      2.9361375416386207E-10
0.008377659574468085      2.8896764568953284E-10
0.00851063829787234       2.843766831726168E-10
0.008643617021276596      2.7984068603268556E-10
0.008776595744680852      2.753594711278596E-10
0.008909574468085107      2.7095591466928535E-10
0.009042553191489363      2.666150850211537E-10
0.009175531914893618      2.623368204372526E-10
0.009308510638297874      2.5812095647052054E-10
0.00944148936170213       2.5396732615013325E-10
0.009574468085106385      2.498757601850052E-10
0.009707446808510642      2.458678275496483E-10
0.009840425531914896      2.419251945004372E-10
0.009973404255319151      2.3804771953908994E-10
0.010106382978723407      2.3423525890751045E-10
0.010239361702127662      2.30487666803649E-10
0.010372340425531918      2.268047956271851E-10
0.010505319148936175      2.2320680510535774E-10
0.010638297872340429      2.1967314079045434E-10
0.010771276595744684      2.1620368287427392E-10
0.01090425531914894       2.127983099110746E-10
0.011037234042553195      2.0945689905387163E-10
0.01117021276595745       2.061793263201837E-10
0.011303191489361706      2.029825874928163E-10
0.011436170212765962      1.9984655827575997E-10
0.011569148936170217      1.9677114243419975E-10
0.011702127659574473      1.9375624268254327E-10
0.011835106382978727      1.908017609085402E-10
0.011968085106382982      1.8790759842267996E-10
0.01210106382978724       1.850885262809615E-10
0.012234042553191495      1.8232489085160931E-10
0.012367021276595749      1.796166173650083E-10
0.012500000000000006      1.7696363048770723E-10
0.01263297872340426       1.7436585451765393E-10
0.012765957446808515      1.7182321359915385E-10
0.012898936170212772      1.693471971451121E-10
0.013031914893617028      1.6692069208134113E-10
0.013164893617021282      1.6454364299611292E-10
0.013297872340425539      1.6221599422044698E-10
0.013430851063829793      1.5993768998103605E-10
0.013563829787234048      1.5770867456715144E-10
0.013696808510638305      1.555378286668366E-10
0.013829787234042561      1.5341032482185046E-10
0.013962765957446815      1.5132612286019066E-10
0.014095744680851072      1.492851825412595E-10
0.014228723404255326      1.4728746366926103E-10
0.014361702127659581      1.4533292621594354E-10
0.014494680851063839      1.4342805256845985E-10
0.014627659574468094      1.4156059783816175E-10
0.014760638297872348      1.3973053382171795E-10
0.014893617021276605      1.379378323218389E-10
0.015026595744680859      1.3618246522507317E-10
0.015159574468085114      1.3446440458548343E-10
0.01529255319148937       1.3278840963753668E-10
0.015425531914893627      1.3114443811045261E-10
0.01555851063829788       1.2953247033871542E-10
0.015691489361702136      1.2795248669252048E-10
0.015824468085106392      1.2640446762973562E-10
0.015957446808510647      1.2488839375147996E-10
0.016090425531914903      1.2340761119363297E-10
0.01622340425531916       1.219540767460125E-10
0.016356382978723414      1.205277768826583E-10
0.01648936170212767       1.1912869810784948E-10
0.016622340425531925      1.1775682698914088E-10
0.01675531914893618       1.1641215019256743E-10
0.016888297872340436      1.150969359580256E-10
0.01702127659574469       1.1380491538934684E-10
0.017154255319148947      1.1253607912771057E-10
0.017287234042553203      1.1129041783512205E-10
0.017420212765957458      1.1006792221527804E-10
0.017553191489361714      1.0886858303573722E-10
0.01768617021276597       1.0769387276749139E-10
0.017819148936170225      1.0653889976789061E-10
0.01795212765957448       1.0540365751442347E-10
0.018085106382978736      1.0428813949424806E-10
0.01821808510638299       1.0319233921717469E-10
0.018351063829787247      1.021162502294373E-10
0.018484042553191502      1.0106082354425759E-10
0.018617021276595758      1.0002227779373253E-10
0.018750000000000013      9.900060833334317E-11
0.01888297872340427       9.799581052172023E-11
0.019015957446808524      9.700787972888341E-11
0.01914893617021278       9.603681134496997E-11
0.019281914893617035      9.508318360843473E-11
0.01941489361702129       9.41440676542344E-11
0.019547872340425546      9.32194601229654E-11
0.019680851063829802      9.230935765359756E-11
0.019813829787234057      9.141375688872574E-11
0.019946808510638313      9.05326544801305E-11
0.02007978723404257       8.966639182005965E-11
0.020212765957446824      8.881267544783098E-11
0.02034574468085108       8.797150284924513E-11
0.020478723404255335      8.714287150698384E-11
0.02061170212765959       8.632677890411531E-11
0.020744680851063846      8.552322252780375E-11
0.0208776595744681        8.473243247385386E-11
0.021010638297872357      8.39525761740175E-11
0.021143617021276612      8.318365173819556E-11
0.021276595744680868      8.242565727164417E-11
0.021409574468085123      8.167859087729173E-11
0.02154255319148938       8.094245065819145E-11
0.021675531914893634      8.021734873212609E-11
0.02180851063829789       7.950183646347466E-11
0.021941489361702145      7.8795912369154E-11
0.0220744680851064        7.809957496182752E-11
0.022207446808510656      7.741282275155306E-11
0.022340425531914912      7.673565424752623E-11
0.022473404255319167      7.606815089528824E-11
0.022606382978723423      7.540911255656875E-11
0.02273936170212768       7.4758538049936E-11
0.022872340425531934      7.41164261900862E-11
0.02300531914893619       7.348277578903728E-11
0.023138297872340445      7.285758565739068E-11
0.0232712765957447        7.224089095403809E-11
0.023404255319148956      7.163172202377877E-11
0.02353723404255321       7.103007790600053E-11
0.023670212765957464      7.043595763682357E-11
0.023803191489361723      6.984936024999787E-11
0.023936170212765978      6.927028477785113E-11
0.024069148936170234      6.86987566700414E-11
0.02420212765957449       6.813394909796742E-11
0.024335106382978745      6.757586127418193E-11
0.024468085106382997      6.702449240842675E-11
0.024601063829787256      6.647984170831335E-11
0.02473404255319151       6.594190838004133E-11
0.024867021276595767      6.541070923936947E-11
0.025000000000000022      6.488554580977618E-11
0.025132978723404278      6.436641743270133E-11
0.02526595744680853       6.385332344734672E-11
0.02539893617021279       6.334626319121376E-11
0.025531914893617044      6.284523600067029E-11
0.0256648936170213        6.235026371691069E-11
0.02579787234042556       6.186073661166727E-11
0.02593085106382981       6.137665413588036E-11
0.02606382978723407       6.089801573859341E-11
0.026196808510638325      6.042482086737327E-11
0.02632978723404258       5.995706896875289E-11
0.026462765957446836      5.949477275396224E-11
0.026595744680851092      5.903741090857497E-11
0.026728723404255347      5.85849829658674E-11
0.026861702127659603      5.8137488457651E-11
0.02699468085106386       5.769492691461541E-11
0.027127659574468114      5.725729786668882E-11
0.02726063829787237       5.682462284462738E-11
0.027393617021276625      5.639643402325864E-11
0.02752659574468088       5.5972731007176646E-11
0.027659574468085136      5.555351339978511E-11
0.02779255319148939       5.5138780803574264E-11
0.027925531914893647      5.472853282041175E-11
0.028058510638297902      5.43227860578801E-11
0.028191489361702158      5.392113378568471E-11
0.02832446808510641       5.352357566531164E-11
0.028457446808510665      5.3130111357333864E-11
0.02859042553191492       5.274074052164032E-11
0.028723404255319177      5.235546281767619E-11
0.028856382978723432      5.1974296805556813E-11
0.028989361702127688      5.159687818119997E-11
0.029122340425531943      5.1223206654067745E-11
0.029255319148936195      5.085328193291998E-11
0.029388297872340454      5.048710372600445E-11
0.02952127659574471       5.0124671741256056E-11
0.029654255319148965      4.976599611284022E-11
0.02978723404255322       4.94107626150472E-11
0.029920212765957476      4.905897099734953E-11
0.030053191489361728      4.871062100870286E-11
0.030186170212765987      4.8365712397705805E-11
0.030319148936170243      4.802424491276716E-11
0.030452127659574498      4.768623032246069E-11
0.030585106382978754      4.7351383691975324E-11
0.03071808510638301       4.701970480617525E-11
0.03085106382978726       4.669119344952458E-11
0.03098404255319152       4.636584940622021E-11
0.031117021276595776      4.604367246033077E-11
0.03125000000000003       4.5724668996485224E-11
0.03138297872340429       4.5408590683012527E-11
0.03151595744680854       4.5095437334573045E-11
0.0316489361702128        4.4785208765527566E-11
0.03178191489361705       4.4477904790048827E-11
0.03191489361702131       4.417352522223795E-11
0.03204787234042557       4.387207715197866E-11
0.03218085106382982       4.357333364259532E-11
0.03231382978723408       4.327729453512939E-11
0.03244680851063833       4.2983959670379636E-11
0.03257978723404258       4.2693328888994507E-11
0.03271276595744684       4.240540203156864E-11
0.0328457446808511        4.212018566344736E-11
0.03297872340425535       4.183747692016549E-11
0.033111702127659605      4.155727566484145E-11
0.033244680851063864      4.127958176040302E-11
0.03337765957446812       4.1004395069664703E-11
0.033510638297872375      4.0731715455408253E-11
0.033643617021276634      4.046155057864106E-11
0.033776595744680886      4.019371473094022E-11
0.033909574468085145      3.992820779546063E-11
0.0340425531914894        3.966502965518064E-11
0.03417553191489365       3.940418019296529E-11
0.03430851063829791       3.9145659291632164E-11
0.03444148936170217       3.888947012630308E-11
0.03457446808510642       3.8635448623234435E-11
0.03470744680851067       3.838359468206844E-11
0.03484042553191493       3.8133908202289483E-11
0.03497340425531919       3.7886389083276325E-11
0.03510638297872344       3.7641037224356595E-11
0.03523936170212769       3.739785706812091E-11
0.03537234042553195       3.715669768209281E-11
0.035505319148936204      3.691755898166656E-11
0.035638297872340456      3.668044088205964E-11
0.035771276595744715      3.644534329835387E-11
0.03590425531914897       3.621226614553841E-11
0.03603723404255322       3.5981212352542164E-11
0.03617021276595748       3.5752043893859024E-11
0.03630319148936174       3.552476069670065E-11
0.03643617021276599       3.5299362688109305E-11
0.03656914893617024       3.507584979499157E-11
0.0367021276595745        3.485422194415348E-11
0.03683510638297876       3.46344894272151E-11
0.03696808510638302       3.4416519777874764E-11
0.03710106382978726       3.4200312935122055E-11
0.03723404255319152       3.39858688377526E-11
0.03736702127659578       3.377318742439377E-11
0.03750000000000003       3.3562268633531604E-11
0.03763297872340429       3.3353120780058186E-11
0.037765957446808544      3.314562349614494E-11
0.037898936170212796      3.293977673031485E-11
0.03803191489361705       3.2735580430882914E-11
0.0381648936170213        3.253303454597569E-11
0.03829787234042556       3.233213902355192E-11
0.03843085106382981       3.2132904422816407E-11
0.03856382978723407       3.1935217220365536E-11
0.03869680851063833       3.173907737363158E-11
0.03882978723404258       3.154448483981633E-11
0.03896276595744684       3.1351439575905054E-11
0.03909574468085109       3.1159941538681086E-11
0.03922872340425535       3.096999877236007E-11
0.039361702127659604      3.0781508293756E-11
0.039494680851063856      3.0594470067756635E-11
0.039627659574468115      3.0408884059004865E-11
0.03976063829787237       3.02247502319081E-11
0.03989361702127662       3.004206855064822E-11
0.04002659574468088       2.9860847964262785E-11
0.04015957446808513       2.9680992099724014E-11
0.04029255319148938       2.9502500929255085E-11
0.04042553191489364       2.932537442481978E-11
0.0405585106382979        2.9149612558127685E-11
0.04069148936170215       2.8975215300639734E-11
0.040824468085106404      2.8802189792490532E-11
0.04095744680851066       2.8630447860362215E-11
0.041090425531914915      2.8459989482629832E-11
0.04122340425531917       2.8290814637407054E-11
0.041356382978723426      2.8122923302548198E-11
0.04148936170212768       2.7956315455650594E-11
0.04162234042553194       2.7790999410058284E-11
0.04175531914893619       2.7626891811687656E-11
0.04188829787234045       2.746399264512964E-11
0.0420212765957447        2.7302301894722077E-11
0.04215425531914895       2.714181954454911E-11
0.04228723404255321       2.6982545578440694E-11
0.04242021276595746       2.682448625100626E-11
0.04255319148936172       2.6667565415210866E-11
0.042686170212765974      2.651178306125098E-11
0.042819148936170226      2.635713917909289E-11
0.042952127659574485      2.6203633758470255E-11
0.04308510638297874       2.6051266788881672E-11
0.043218085106382996      2.5900045030160908E-11
0.04335106382978725       2.5749896680153662E-11
0.0434840425531915        2.560082173510333E-11
0.04361702127659576       2.5452820191066782E-11
0.04375000000000001       2.5305892043910516E-11
0.04388297872340426       2.5160037289306848E-11
0.04401595744680852       2.501526105735673E-11
0.044148936170212774      2.4871497486347008E-11
0.044281914893617026      2.4728746578409408E-11
0.044414893617021285      2.4587008335551665E-11
0.04454787234042554       2.444628275965309E-11
0.044680851063829796      2.4306569852460048E-11
0.04481382978723405       2.4167875304465654E-11
0.04494680851063831       2.403013647469837E-11
0.04507978723404256       2.3893353372016853E-11
0.04521276595744681       2.3757526005249392E-11
0.04534574468085107       2.36226543831894E-11
0.04547872340425532       2.3488738514590884E-11
0.04561170212765958       2.3355783011545815E-11
0.04574468085106383       2.322372972181721E-11
0.04587765957446809       2.3092578661313723E-11
0.046010638297872344      2.2962329846030764E-11
0.046143617021276596      2.2832983292046704E-11
0.046276595744680855      2.2704539015518864E-11
0.04640957446808511       2.2577003443918676E-11
0.046542553191489366      2.2450319619946783E-11
0.04667553191489362       2.2324487567848458E-11
0.04680851063829787       2.2199507312113066E-11
0.04694148936170213       2.2075378877471563E-11
0.04707446808510638       2.195210228889375E-11
0.04720744680851064       2.1829684083386244E-11
0.04734042553191489       2.170807050139977E-11
0.047473404255319145      2.1587261576593867E-11
0.0476063829787234        2.1467257343063463E-11
0.047739361702127656      2.1348057835338328E-11
0.04787234042553191       2.1229663088382287E-11
0.04800531914893617       2.111208059230852E-11
0.04813829787234042       2.099525801838725E-11
0.04827127659574467       2.0879195411607642E-11
0.04840425531914893       2.0763892817637613E-11
0.04853723404255319       2.0649350282826087E-11
0.04867021276595744       2.053556785420502E-11
0.04880319148936169       2.0422552825452495E-11
0.04893617021276595       2.0310255623081274E-11
0.049069148936170204      2.0198676305135726E-11
0.049202127659574456      2.008781493062491E-11
0.049335106382978715      1.9977671559528332E-11
0.04946808510638297       1.9868246252801343E-11
0.049601063829787226      1.9759546863524393E-11
0.049734042553191485      1.9651525530071366E-11
0.04986702127659574       1.9544182326307066E-11
0.049999999999999996      1.943751732741499E-11
0.05013297872340424       1.9331530609907537E-11
0.0502659574468085        1.9226222251635927E-11
0.05039893617021275       1.9121598785093107E-11
0.05053191489361702       1.901761591319954E-11
0.05066489361702126       1.891427372819039E-11
0.05079787234042552       1.881157232402807E-11
0.050930851063829774      1.870951179641775E-11
0.051063829787234026      1.860809224282252E-11
0.051196808510638285      1.850731984992081E-11
0.051329787234042544      1.8407152208143537E-11
0.05146276595744679       1.830758943179797E-11
0.05159574468085105       1.8208631637411676E-11
0.0517287234042553        1.811027894375459E-11
0.05186170212765956       1.8012531471860755E-11
0.05199468085106381       1.791539473137093E-11
0.05212765957446807       1.781882876514576E-11
0.05226063829787232       1.7722833713111522E-11
0.052393617021276574      1.762740971797791E-11
0.05252659574468083       1.7532556925267727E-11
0.052659574468085085      1.743827548334623E-11
0.05279255319148934       1.7344570880626025E-11
0.052925531914893596      1.725140462653703E-11
0.05305851063829785       1.715877689122868E-11
0.0531914893617021        1.706668784829265E-11
0.05332446808510636       1.6975137674801675E-11
0.05345744680851061       1.6884126551347988E-11
0.05359042553191487       1.6793658800067945E-11
0.05372340425531913       1.6703698743459857E-11
0.05385638297872338       1.6614246586926524E-11
0.05398936170212764       1.6525302540071675E-11
0.054122340425531885      1.6436866816749465E-11
0.054255319148936144      1.6348939635113638E-11
0.054388297872340396      1.6261524756007073E-11
0.05452127659574466       1.6174588124707604E-11
0.05465425531914891       1.6088129987953212E-11
0.054787234042553166      1.6002150597566225E-11
0.05492021276595742       1.5916650210515705E-11
0.05505319148936167       1.5831629088979452E-11
0.05518617021276593       1.5747089724098968E-11
0.05531914893617019       1.5663000776606994E-11
0.055452127659574434      1.5579362541100326E-11
0.05558510638297869       1.549617531827102E-11
0.055718085106382945      1.5413439414983814E-11
0.055851063829787204      1.5331155144353284E-11
0.055984042553191456      1.524932308536157E-11
0.056117021276595715      1.5167915183720222E-11
0.05624999999999997       1.5086931790004145E-11
0.05638297872340422       1.5006373262063806E-11
0.05651595744680848       1.4926239965120722E-11
0.05664893617021273       1.4846532271862903E-11
0.05678191489361698       1.4767246537201406E-11
0.05691489361702124       1.4688359791611665E-11
0.05704787234042549       1.4609872449167305E-11
0.057180851063829745      1.4531784932533198E-11
0.057313829787234004      1.4454097673081806E-11
0.057446808510638256      1.4376811111009653E-11
0.057579787234042515      1.4299920233838595E-11
0.057712765957446774      1.4223403996217273E-11
0.057845744680851026      1.4147262884953282E-11
0.057978723404255285      1.4071497396945435E-11
0.05811170212765953       1.3996108039325002E-11
0.05824468085106379       1.3921095329597205E-11
0.05837765957446804       1.3846454051735122E-11
0.05851063829787231       1.3772164247586449E-11
0.05864361702127655       1.3698226487968098E-11
0.05877659574468081       1.3624641355529534E-11
0.05890957446808506       1.3551409444924092E-11
0.059042553191489315      1.347853136298093E-11
0.059175531914893574      1.340600197781948E-11
0.05930851063829783       1.3333802095824597E-11
0.05944148936170208       1.326193238397512E-11
0.05957446808510634       1.3190393523081912E-11
0.05970744680851059       1.3119186207995248E-11
0.05984042553191485       1.3048311147813273E-11
0.0599734042553191        1.2977763386811844E-11
0.06010638297872336       1.2907524355063316E-11
0.06023936170212761       1.2837594830163335E-11
0.06037234042553186       1.27679756058638E-11
0.06050531914893612       1.2698667492323994E-11
0.060638297872340374      1.2629671316363484E-11
0.060771276595744626      1.2560981739058613E-11
0.060904255319148885      1.2492581458525643E-11
0.061037234042553144      1.2424471378746596E-11
0.06117021276595739       1.2356652422540503E-11
0.061303191489361655      1.2289125531867146E-11
0.06143617021276591       1.2221891668133349E-11
0.061569148936170166      1.2154944744074688E-11
0.06170212765957441       1.2088268961725957E-11
0.06183510638297867       1.2021865368373295E-11
0.061968085106382916      1.1955735033207584E-11
0.06210106382978717       1.1889879047690877E-11
0.062234042553191427      1.1824298525926415E-11
0.06236702127659568       1.1758986983530092E-11
0.06249999999999994       1.1693929824001745E-11
0.0626329787234042        1.1629128258322064E-11
0.06276595744680845       1.1564583522938523E-11
0.06289893617021271       1.1500296880207391E-11
0.06303191489361697       1.143626961884067E-11
0.06316489361702123       1.1372494220679936E-11
0.06329787234042548       1.1308957985098304E-11
0.06343085106382973       1.1245662308997572E-11
0.06356382978723397       1.1182608618856008E-11
0.06369680851063823       1.111979837126059E-11
0.06382978723404249       1.1057233053445727E-11
0.06396276595744675       1.0994904002792062E-11
0.06409574468085101       1.0932800391953302E-11
0.06422872340425526       1.0870923827499143E-11
0.06436170212765951       1.0809275950283627E-11
0.06449468085106376       1.0747858436084122E-11
0.06462765957446802       1.0686672996248693E-11
0.06476063829787228       1.0625710742494039E-11
0.06489361702127654       1.0564962043817352E-11
0.06502659574468078       1.050442874484625E-11
0.06515957446808504       1.0444112729942108E-11
0.06529255319148929       1.0384015923965563E-11
0.06542553191489354       1.0324140293052596E-11
0.0655585106382978        1.0264475201228099E-11
0.06569148936170206       1.0205013892252362E-11
0.06582446808510632       1.0145758478527683E-11
0.06595744680851058       1.008671111841704E-11
0.06609042553191483       1.0027874017156452E-11
0.06622340425531908       9.969249427780423E-12
0.06635638297872334       9.91082486571607E-12
0.0664893617021276        9.852596339514907E-12
0.06662234042553185       9.794566261295402E-12
0.06675531914893611       9.736737096220743E-12
0.06688829787234035       9.679111363580312E-12
0.06702127659574461       9.621691637886835E-12
0.06715425531914887       9.56446497031243E-12
0.06728723404255312       9.507429101227514E-12
0.06742021276595737       9.4505867784928E-12
0.06755319148936163       9.39394081106343E-12
0.06768617021276589       9.337494070261994E-12
0.06781914893617014       9.281249491069747E-12
0.0679521276595744        9.225192168198085E-12
0.06808510638297864       9.169323429908881E-12
0.0682180851063829        9.113646395488304E-12
0.06835106382978716       9.058164254280187E-12
0.0684840425531914        9.002880267167445E-12
0.06861702127659566       8.947797768073668E-12
0.06874999999999992       8.892899090821291E-12
0.06888297872340418       8.838190016185759E-12
0.06901595744680843       8.783674067791757E-12
0.06914893617021269       8.729354849065452E-12
0.06928191489361693       8.67523604493204E-12
0.06941489361702119       8.621321423534284E-12
0.06954787234042545       8.567591525888984E-12
0.06968085106382971       8.514055918919686E-12
0.06981382978723395       8.46071856072315E-12
0.06994680851063821       8.40758349953247E-12
0.07007978723404247       8.35465487562364E-12
0.07021276595744673       8.301936923241652E-12
0.07034574468085099       8.24940848607083E-12
0.07047872340425525       8.197083457802062E-12
0.07061170212765949       8.144966252116892E-12
0.07074468085106375       8.093061383272771E-12
0.070877659574468         8.041373468182676E-12
0.07101063829787226       7.989907228508889E-12
0.07114361702127651       7.938639235326797E-12
0.07127659574468077       7.887588911781208E-12
0.07140957446808502       7.836761129504742E-12
0.07154255319148926       7.7861608703566E-12
0.07167553191489352       7.73579322859419E-12
0.07180851063829778       7.685663413047788E-12
0.07194148936170204       7.635747027526263E-12
0.0720744680851063        7.586069024917167E-12
0.07220744680851054       7.536634704826324E-12
0.0723404255319148        7.48744948438241E-12
0.07247340425531905       7.43851890034729E-12
0.07260638297872331       7.389848611209736E-12
0.07273936170212757       7.34141201151972E-12
0.07287234042553183       7.293242843513063E-12
0.07300531914893607       7.245346752732776E-12
0.07313829787234033       7.197729504666329E-12
0.07327127659574457       7.1503969865372395E-12
0.07340425531914883       7.103355209049403E-12
0.07353723404255309       7.056583679828846E-12
0.07367021276595735       7.010119061811534E-12
0.07380319148936161       6.963967243198766E-12
0.07393617021276587       6.918134227495746E-12
0.07406914893617011       6.872626134623952E-12
0.07420212765957437       6.827449201943055E-12
0.07433510638297865       6.78260027284096E-12
0.07446808510638292       6.738113317714932E-12
0.07460106382978719       6.6939944743275026E-12
0.07473404255319145       6.650249983519012E-12
0.07486702127659572       6.606886189142082E-12
0.075                     6.5639095378450125E-12
