% Model:              pcal_mirror_deformation_2d.mph
% Version:            COMSOL 5.6.0.401
% Date:               Apr 16 2026, 13:44
% Dimension:          1
% Nodes:              1695
% Expressions:        1
% Description:        Line graph
% R                       Height
0                         1.1226247089224356E-8
1.329787234042553E-4      9.439362673629751E-9
2.659574468085106E-4      7.828462836741023E-9
3.9893617021276594E-4     6.38932653402157E-9
5.319148936170212E-4      5.116109733718071E-9
6.648936170212766E-4      4.000880853362355E-9
7.978723404255319E-4      3.0334470946793555E-9
9.308510638297872E-4      2.6262349701141807E-9
0.0010638297872340424     2.27565648864033E-9
0.0011968085106382976     1.9814878849832276E-9
0.0013297872340425527     1.743510822760322E-9
0.0014627659574468082     1.5615962314031887E-9
0.0015957446808510635     1.4358287812232216E-9
0.0017287234042553188     1.3272196623938967E-9
0.0018617021276595743     1.2290596097441768E-9
0.00199468085106383       1.141343965346969E-9
0.002127659574468085      1.0640694775415718E-9
0.0022606382978723407     9.972352599300387E-10
0.002393617021276596      9.408438610867295E-10
0.0025265957446808517     8.91373916803224E-10
0.0026595744680851063     8.454427408963802E-10
0.002792553191489362      8.030487212933826E-10
0.002925531914893617      7.641905350135733E-10
0.0030585106382978724     7.288672964368101E-10
0.0031914893617021275     6.970787241243145E-10
0.003324468085106383      6.684827965000876E-10
0.0034574468085106385     6.415793196320388E-10
0.0035904255319148936     6.163678761139268E-10
0.0037234042553191487     5.928481067354461E-10
0.003856382978723404      5.710197339725461E-10
0.00398936170212766       5.508825879471198E-10
0.004122340425531916      5.323334336527682E-10
0.004255319148936171      5.147154117013432E-10
0.004388297872340427      4.980283592786147E-10
0.004521276595744682      4.822721297116975E-10
0.004654255319148938      4.674465982710859E-10
0.004787234042553192      4.5355166854186095E-10
0.004920212765957448      4.405484096762255E-10
0.005053191489361703      4.281167452061991E-10
0.005186170212765958      4.162566061737305E-10
0.0053191489361702135     4.049679274287414E-10
0.005452127659574469      3.942506491462953E-10
0.0055851063829787245     3.841047184991325E-10
0.00571808510638298       3.744973556630909E-10
0.0058510638297872355     3.6526194076511187E-10
0.00598404255319149       3.563984293024274E-10
0.006117021276595746      3.479067786326948E-10
0.00625                   3.3978694868335034E-10
0.006382978723404256      3.3203890272897315E-10
0.006515957446808511      3.246504021192487E-10
0.006648936170212767      3.175190432915482E-10
0.0067819148936170215     3.106448012249365E-10
0.006914893617021276      3.0402765138711696E-10
0.0070478723404255325     2.976675700027458E-10
0.007180851063829787      2.9156453434896353E-10
0.007313829787234043      2.857086321588845E-10
0.007446808510638298      2.8003715198130557E-10
0.007579787234042554      2.7455007625155133E-10
0.007712765957446809      2.6924738763184144E-10
0.007845744680851065      2.6412906915589816E-10
0.00797872340425532       2.591951043876379E-10
0.008111702127659576      2.544415498038171E-10
0.008244680851063831      2.4982472103430287E-10
0.008377659574468085      2.4534460630232313E-10
0.00851063829787234       2.4100119386278123E-10
0.008643617021276596      2.3679447207305997E-10
0.008776595744680852      2.3272442947097094E-10
0.008909574468085107      2.2878881190019844E-10
0.009042553191489363      2.2495743198199715E-10
0.009175531914893618      2.212302809840805E-10
0.009308510638297874      2.1760735016407905E-10
0.00944148936170213       2.140886308112229E-10
0.009574468085106385      2.1067411429214935E-10
0.009707446808510642      2.0736302316136284E-10
0.009840425531914896      2.0413314700689172E-10
0.009973404255319151      2.0098447936161797E-10
0.010106382978723407      1.979170137201587E-10
0.010239361702127662      1.94930743562876E-10
0.010372340425531918      1.9202566238230724E-10
0.010505319148936175      1.8920111888102083E-10
0.010638297872340429      1.864412291428426E-10
0.010771276595744684      1.8374598813542595E-10
0.01090425531914894       1.8111539078636582E-10
0.011037234042553195      1.7854943199854044E-10
0.01117021276595745       1.7604810666698037E-10
0.011303191489361706      1.7361092697795807E-10
0.011436170212765962      1.7122598671632537E-10
0.011569148936170217      1.6889328196025634E-10
0.011702127659574473      1.6661280874681728E-10
0.011835106382978727      1.6438456308164193E-10
0.011968085106382982      1.6220854094958366E-10
0.01210106382978724       1.6008423070159095E-10
0.012234042553191495      1.5800275728843468E-10
0.012367021276595749      1.55964117482903E-10
0.012500000000000006      1.5396830802322311E-10
0.01263297872340426       1.520153256199342E-10
0.012765957446808515      1.5010516696343238E-10
0.012898936170212772      1.4823760832568969E-10
0.013031914893617028      1.4640559210537322E-10
0.013164893617021282      1.446091157040334E-10
0.013297872340425539      1.428481764917285E-10
0.013430851063829793      1.411227718116431E-10
0.013563829787234048      1.3943289898516217E-10
0.013696808510638305      1.3777826945489603E-10
0.013829787234042561      1.361534974873544E-10
0.013962765957446815      1.345585809026928E-10
0.014095744680851072      1.3299351749474379E-10
0.014228723404255326      1.3145830503443046E-10
0.014361702127659581      1.299529412735075E-10
0.014494680851063839      1.2847723474724834E-10
0.014627659574468094      1.2702681056410237E-10
0.014760638297872348      1.2560166691369195E-10
0.014893617021276605      1.242018019627784E-10
0.015026595744680859      1.2282721385770887E-10
0.015159574468085114      1.2147790072709722E-10
0.01529255319148937       1.2015371949147965E-10
0.015425531914893627      1.188511630384677E-10
0.01555851063829788       1.175702298164828E-10
0.015691489361702136      1.1631091825503393E-10
0.015824468085106392      1.1507322676661624E-10
0.015957446808510647      1.1385715374878456E-10
0.016090425531914903      1.1266264892619926E-10
0.01622340425531916       1.1148676512582416E-10
0.016356382978723414      1.1032950102333655E-10
0.01648936170212767       1.0919085527836297E-10
0.016622340425531925      1.0807082653592901E-10
0.01675531914893618       1.0696941342804068E-10
0.016888297872340436      1.0588654116274368E-10
0.01702127659574469       1.0481984692283634E-10
0.017154255319148947      1.037693295614051E-10
0.017287234042553203      1.0273498791815637E-10
0.017420212765957458      1.0171682082057079E-10
0.017553191489361714      1.0071482708515865E-10
0.01768617021276597       9.972894967293367E-11
0.017819148936170225      9.875719603545164E-11
0.01795212765957448       9.779956518277567E-11
0.018085106382978736      9.685605611361514E-11
0.01821808510638299       9.592666781623314E-11
0.018351063829787247      9.501139926943147E-11
0.018484042553191502      9.411018668620669E-11
0.018617021276595758      9.322139367251262E-11
0.018750000000000013      9.234501935790099E-11
0.01888297872340427       9.148106286251632E-11
0.019015957446808524      9.062952329784673E-11
0.01914893617021278       8.979039976753621E-11
0.019281914893617035      8.896364403761599E-11
0.01941489361702129       8.814786021621159E-11
0.019547872340425546      8.734304754628586E-11
0.019680851063829802      8.654920526281055E-11
0.019813829787234057      8.576633259336994E-11
0.019946808510638313      8.499442875881285E-11
0.02007978723404257       8.423343417391017E-11
0.020212765957446824      8.34821823232126E-11
0.02034574468085108       8.27406725312771E-11
0.020478723404255335      8.200890411611276E-11
0.02061170212765959       8.128687638969952E-11
0.020744680851063846      8.057458865854622E-11
0.0208776595744681        7.987201792509919E-11
0.021010638297872357      7.917813827274499E-11
0.021143617021276612      7.849294911712267E-11
0.021276595744680868      7.781644986821669E-11
0.021409574468085123      7.714863993077039E-11
0.02154255319148938       7.648951870473045E-11
0.021675531914893634      7.583904879754778E-11
0.02180851063829789       7.519636693107352E-11
0.021941489361702145      7.456147258266438E-11
0.0220744680851064        7.393436522503962E-11
0.022207446808510656      7.331504432664028E-11
0.022340425531914912      7.270350935201407E-11
0.022473404255319167      7.209974565885823E-11
0.022606382978723423      7.150298530430167E-11
0.02273936170212768       7.091322782506772E-11
0.022872340425531934      7.03304727540093E-11
0.02300531914893619       6.97547196204142E-11
0.023138297872340445      6.918596795033148E-11
0.0232712765957447        6.862419387314655E-11
0.023404255319148956      6.806874704002126E-11
0.02353723404255321       6.751962703694543E-11
0.023670212765957464      6.697683344673681E-11
0.023803191489361723      6.644036584930727E-11
0.023936170212765978      6.591022382194638E-11
0.024069148936170234      6.538639420530604E-11
0.02420212765957449       6.486829428564554E-11
0.024335106382978745      6.435592369677661E-11
0.024468085106382997      6.384928206985724E-11
0.024601063829787256      6.334836903361778E-11
0.02473404255319151       6.285318421460151E-11
0.024867021276595767      6.236371699804575E-11
0.025000000000000022      6.18794583611279E-11
0.025132978723404278      6.140040797578033E-11
0.02526595744680853       6.092656551178408E-11
0.02539893617021279       6.045793063696805E-11
0.025531914893617044      5.999450301742035E-11
0.0256648936170213        5.953628391030778E-11
0.02579787234042556       5.908281304030154E-11
0.02593085106382981       5.863409011861312E-11
0.02606382978723407       5.819011485464052E-11
0.026196808510638325      5.775088695613658E-11
0.02632978723404258       5.731640612938743E-11
0.026462765957446836      5.688667035210039E-11
0.026595744680851092      5.6461276991897726E-11
0.026728723404255347      5.604022579047101E-11
0.026861702127659603      5.562351648805116E-11
0.02699468085106386       5.521114882355701E-11
0.027127659574468114      5.480312253475236E-11
0.02726063829787237       5.439944643080088E-11
0.027393617021276625      5.3999750174571504E-11
0.02752659574468088       5.360403353798577E-11
0.027659574468085136      5.3212296291748396E-11
0.02779255319148939       5.2824538205474444E-11
0.027925531914893647      5.2440759047823415E-11
0.028058510638297902      5.206096527883432E-11
0.028191489361702158      5.168482985640984E-11
0.02832446808510641       5.131235257744255E-11
0.028457446808510665      5.094353323784278E-11
0.02859042553191492       5.057837163265015E-11
0.028723404255319177      5.021686755615083E-11
0.028856382978723432      4.9859031560874286E-11
0.028989361702127688      4.950456523253784E-11
0.029122340425531943      4.915346839098177E-11
0.029255319148936195      4.88057408552437E-11
0.029388297872340454      4.846138244365535E-11
0.02952127659574471       4.8120392973944294E-11
0.029654255319148965      4.778277687372161E-11
0.02978723404255322       4.744827363765441E-11
0.029920212765957476      4.7116883105491395E-11
0.030053191489361728      4.678860511633789E-11
0.030186170212765987      4.646343950874073E-11
0.030319148936170243      4.6141386120777327E-11
0.030452127659574498      4.582245205654937E-11
0.030585106382978754      4.550639772056722E-11
0.03071808510638301       4.519322297161279E-11
0.03085106382978726       4.48829276679323E-11
0.03098404255319152       4.4575511667308943E-11
0.031117021276595776      4.427097482713918E-11
0.03125000000000003       4.3969320121378085E-11
0.03138297872340429       4.3670336761622926E-11
0.03151595744680854       4.337402462316637E-11
0.0316489361702128        4.308038358085908E-11
0.03178191489361705       4.278941350917257E-11
0.03191489361702131       4.2501114282264946E-11
0.03204787234042557       4.221549029877054E-11
0.03218085106382982       4.193234672519332E-11
0.03231382978723408       4.165168345232482E-11
0.03244680851063833       4.137350037057382E-11
0.03257978723404258       4.10977973700195E-11
0.03271276595744684       4.082457434046699E-11
0.0328457446808511        4.055383546139713E-11
0.03297872340425535       4.028540524627507E-11
0.033111702127659605      4.001928359911743E-11
0.033244680851063864      3.975547042361177E-11
0.03337765957446812       3.949396562316178E-11
0.033510638297872375      3.923476910093462E-11
0.033643617021276634      3.897788655351152E-11
0.033776595744680886      3.8723155794408985E-11
0.033909574468085145      3.8470576740330875E-11
0.0340425531914894        3.8220149307676E-11
0.03417553191489365       3.797187341257537E-11
0.03430851063829791       3.772574897093119E-11
0.03444148936170217       3.74817779038746E-11
0.03457446808510642       3.723981601233678E-11
0.03470744680851067       3.6999863223570176E-11
0.03484042553191493       3.676191946454757E-11
0.03497340425531919       3.652598466199302E-11
0.03510638297872344       3.6292058742414314E-11
0.03523936170212769       3.606014505380086E-11
0.03537234042553195       3.5830109917774557E-11
0.035505319148936204      3.5601953272273344E-11
0.035638297872340456      3.5375675054953404E-11
0.035771276595744715      3.5151275203213334E-11
0.03590425531914897       3.492875365421954E-11
0.03603723404255322       3.470811256548538E-11
0.03617021276595748       3.4489228978008766E-11
0.03630319148936174       3.4272102837658497E-11
0.03643617021276599       3.405673409003556E-11
0.03656914893617024       3.384312268049271E-11
0.0367021276595745        3.363126855415514E-11
0.03683510638297876       3.342118066526194E-11
0.03696808510638302       3.32127402499991E-11
0.03710106382978726       3.300594726266667E-11
0.03723404255319152       3.280080165728888E-11
0.03736702127659578       3.2597303387628574E-11
0.03750000000000003       3.239545240720247E-11
0.03763297872340429       3.219525593732849E-11
0.037765957446808544      3.199660557910539E-11
0.037898936170212796      3.179950129372332E-11
0.03803191489361705       3.160394304209523E-11
0.0381648936170213        3.140993078486741E-11
0.03829787234042556       3.121746448243067E-11
0.03843085106382981       3.102655359100455E-11
0.03856382978723407       3.0837095276091695E-11
0.03869680851063833       3.064908950564803E-11
0.03882978723404258       3.0462536247346294E-11
0.03896276595744684       3.0277435468582744E-11
0.03909574468085109       3.009378713648436E-11
0.03922872340425535       2.991159848983974E-11
0.039361702127659604      2.9730775862215135E-11
0.039494680851063856      2.955131922735205E-11
0.039627659574468115      2.937322855870886E-11
0.03976063829787237       2.919650382946456E-11
0.03989361702127662       2.9021145012522854E-11
0.04002659574468088       2.884716030759191E-11
0.04015957446808513       2.867446163395552E-11
0.04029255319148938       2.8503048971387222E-11
0.04042553191489364       2.8332922299381183E-11
0.0405585106382979        2.8164081597153003E-11
0.04069148936170215       2.7996526843640846E-11
0.040824468085106404      2.7830264613863983E-11
0.04095744680851066       2.7665214028506246E-11
0.041090425531914915      2.7501375072562475E-11
0.04122340425531917       2.7338747730761713E-11
0.041356382978723426      2.7177331987565984E-11
0.04148936170212768       2.7017127827169235E-11
0.04162234042553194       2.685814300509139E-11
0.04175531914893619       2.67003007265007E-11
0.04188829787234045       2.654360098198069E-11
0.0420212765957447        2.638804376187546E-11
0.04215425531914895       2.623362905628677E-11
0.04228723404255321       2.6080356855071172E-11
0.04242021276595746       2.5928233041086693E-11
0.04255319148936172       2.5777187230649635E-11
0.042686170212765974      2.5627219419597712E-11
0.042819148936170226      2.5478329603568723E-11
0.042952127659574485      2.533051777799646E-11
0.04308510638297874       2.518378393810665E-11
0.043218085106382996      2.503813450372355E-11
0.04335106382978725       2.489350285684581E-11
0.0434840425531915        2.474988899926419E-11
0.04361702127659576       2.4607292932631772E-11
0.04375000000000001       2.4465714658459263E-11
0.04388297872340426       2.4325154178110176E-11
0.04401595744680852       2.4185616399253578E-11
0.044148936170212774      2.4047040045485574E-11
0.044281914893617026      2.3909425124613333E-11
0.044414893617021285      2.377277164438633E-11
0.04454787234042554       2.3637079612491512E-11
0.044680851063829796      2.350234903654831E-11
0.04481382978723405       2.3368585394580688E-11
0.04494680851063831       2.3235730214460994E-11
0.04507978723404256       2.3103783511081043E-11
0.04521276595744681       2.297274529938762E-11
0.04534574468085107       2.2842615594378164E-11
0.04547872340425532       2.2713394411096224E-11
0.04561170212765958       2.258508621888398E-11
0.04574468085106383       2.2457636603442918E-11
0.04587765957446809       2.2331045587259336E-11
0.046010638297872344      2.220531319300991E-11
0.046143617021276596      2.2080439443558356E-11
0.046276595744680855      2.1956424361951826E-11
0.04640957446808511       2.1833274154860564E-11
0.046542553191489366      2.1710935374507155E-11
0.04667553191489362       2.158940805247206E-11
0.04680851063829787       2.1468692220703202E-11
0.04694148936170213       2.134878791151426E-11
0.04707446808510638       2.122969515758277E-11
0.04720744680851064       2.1111420252455705E-11
0.04734042553191489       2.0993912652483305E-11
0.047473404255319145      2.087717239958955E-11
0.0476063829787234        2.07611995362769E-11
0.047739361702127656      2.064599410562683E-11
0.04787234042553191       2.0531556151300112E-11
0.04800531914893617       2.041789289502505E-11
0.04813829787234042       2.03049550177305E-11
0.04827127659574467       2.0192742573805904E-11
0.04840425531914893       2.008125561848387E-11
0.04853723404255319       1.99704942078438E-11
0.04867021276595744       1.986045839881519E-11
0.04880319148936169       1.9751155219739687E-11
0.04893617021276595       1.964253786896756E-11
0.049069148936170204      1.9534606415248327E-11
0.049202127659574456      1.9427360928482342E-11
0.049335106382978715      1.9320801479728147E-11
0.04946808510638297       1.921492814120942E-11
0.049601063829787226      1.9109748493143593E-11
0.049734042553191485      1.9005217255921858E-11
0.04986702127659574       1.890133451563271E-11
0.049999999999999996      1.8798100359893254E-11
0.05013297872340424       1.869551487786127E-11
0.0502659574468085        1.8593578160246887E-11
0.05039893617021275       1.8492296524698973E-11
0.05053191489361702       1.839162800529471E-11
0.05066489361702126       1.829157270818926E-11
0.05079787234042552       1.8192130741499803E-11
0.050930851063829774      1.8093302215323122E-11
0.051063829787234026      1.799508724175281E-11
0.051196808510638285      1.7897491829761943E-11
0.051329787234042544      1.780047572909811E-11
0.05146276595744679       1.7704039069914387E-11
0.05159574468085105       1.7608181984846457E-11
0.0517287234042553        1.7512904609037035E-11
0.05186170212765956       1.7418207080159926E-11
0.05199468085106381       1.732409474271926E-11
0.05212765957446807       1.723052963995226E-11
0.05226063829787232       1.7137511929754155E-11
0.052393617021276574      1.7045041773095478E-11
0.05252659574468083       1.6953119334054407E-11
0.052659574468085085      1.6861744779848733E-11
0.05279255319148934       1.6770923459217247E-11
0.052925531914893596      1.6680618743998815E-11
0.05305851063829785       1.659083082468233E-11
0.0531914893617021        1.6501559895523887E-11
0.05332446808510636       1.6412806154588653E-11
0.05345744680851061       1.6324569803792287E-11
0.05359042553191487       1.6236855060344484E-11
0.05372340425531913       1.6149627953158977E-11
0.05385638297872338       1.6062888710590178E-11
0.05398936170212764       1.597663756555488E-11
0.054122340425531885      1.5890874755585277E-11
0.054255319148936144      1.58056005228815E-11
0.054388297872340396      1.5720818565796472E-11
0.05452127659574466       1.5636496415820583E-11
0.05465425531914891       1.55526343455498E-11
0.054787234042553166      1.546923263306748E-11
0.05492021276595742       1.5386291562010744E-11
0.05505319148936167       1.5303811421636442E-11
0.05518617021276593       1.5221794677010928E-11
0.05531914893617019       1.5140211442603212E-11
0.055452127659574434      1.505906204206625E-11
0.05558510638297869       1.4978346805597862E-11
0.055718085106382945      1.4898066070022794E-11
0.055851063829787204      1.481822017887446E-11
0.055984042553191456      1.4738809793893866E-11
0.056117021276595715      1.4659808125880388E-11
0.05624999999999997       1.4581215558033118E-11
0.05638297872340422       1.4503032481329772E-11
0.05651595744680848       1.4425259294627644E-11
0.05664893617021273       1.4347896404764408E-11
0.05678191489361698       1.4270940422889375E-11
0.05691489361702124       1.4194369418491762E-11
0.05704787234042549       1.4118183842191596E-11
0.057180851063829745      1.4042384153764462E-11
0.057313829787234004      1.3966970822264242E-11
0.057446808510638256      1.389194432614587E-11
0.057579787234042515      1.3817299964277566E-11
0.057712765957446774      1.3743017641520511E-11
0.057845744680851026      1.3669097885584726E-11
0.057978723404255285      1.3595541234906838E-11
0.05811170212765953       1.3522348238798778E-11
0.05824468085106379       1.3449519457596773E-11
0.05837765957446804       1.3377049992011002E-11
0.05851063829787231       1.3304920786410086E-11
0.05864361702127655       1.3233132457383049E-11
0.05877659574468081       1.3161685634069117E-11
0.05890957446808506       1.3090580958337848E-11
0.059042553191489315      1.3019819084969902E-11
0.059175531914893574      1.2949395189841294E-11
0.05930851063829783       1.2879290955204685E-11
0.05944148936170208       1.2809507099251659E-11
0.05957446808510634       1.2740044354818753E-11
0.05970744680851059       1.267090346960522E-11
0.05984042553191485       1.2602085206391908E-11
0.0599734042553191        1.2533584910050486E-11
0.06010638297872336       1.246538486656671E-11
0.06023936170212761       1.2397485910857996E-11
0.06037234042553186       1.2329888894921198E-11
0.06050531914893612       1.2262594688095947E-11
0.060638297872340374      1.2195604177329748E-11
0.060771276595744626      1.2128912335477368E-11
0.060904255319148885      1.2062502679882567E-11
0.061037234042553144      1.199637617870477E-11
0.06117021276595739       1.1930533819990597E-11
0.061303191489361655      1.1864976611991838E-11
0.06143617021276591       1.1799705583485934E-11
0.061569148936170166      1.173471498796714E-11
0.06170212765957441       1.1669989803096999E-11
0.06183510638297867       1.1605531148024372E-11
0.061968085106382916      1.1541340164998665E-11
0.06210106382978717       1.1477418019752656E-11
0.062234042553191427      1.141376590188887E-11
0.06236702127659568       1.13503776966115E-11
0.06249999999999994       1.1287239543927436E-11
0.0626329787234042        1.1224352735329039E-11
0.06276595744680845       1.1161718589136871E-11
0.06289893617021271       1.1099338450960409E-11
0.06303191489361697       1.103721369416344E-11
0.06316489361702123       1.0975337214586843E-11
0.06329787234042548       1.091369699794191E-11
0.06343085106382973       1.08522945313502E-11
0.06356382978723397       1.0791131333057206E-11
0.06369680851063823       1.0730208952985367E-11
0.06382978723404249       1.0669528973293282E-11
0.06396276595744675       1.0609083194500385E-11
0.06409574468085101       1.0548861430914987E-11
0.06422872340425526       1.0488865390190662E-11
0.06436170212765951       1.0429096816018999E-11
0.06449468085106376       1.0369557488791086E-11
0.06462765957446802       1.031024922626688E-11
0.06476063829787228       1.025116364783439E-11
0.06489361702127654       1.019229171909149E-11
0.06502659574468078       1.0133635397897756E-11
0.06515957446808504       1.0075196683823443E-11
0.06529255319148929       1.0016977618938306E-11
0.06542553191489354       9.958980288610167E-12
0.0655585106382978        9.901194655838282E-12
0.06569148936170206       9.843614472523706E-12
0.06582446808510632       9.786241977731879E-12
0.06595744680851058       9.729079458697843E-12
0.06609042553191483       9.67212925176099E-12
0.06622340425531908       9.615393743311555E-12
0.06635638297872334       9.558861142974355E-12
0.0664893617021276        9.502527885920937E-12
0.06662234042553185       9.446396525671248E-12
0.06675531914893611       9.390469671229612E-12
0.06688829787234035       9.334749988184897E-12
0.06702127659574461       9.279240199824336E-12
0.06715425531914887       9.223928124868545E-12
0.06728723404255312       9.168811858863392E-12
0.06742021276595737       9.113894307028982E-12
0.06755319148936163       9.059178438328165E-12
0.06768617021276589       9.004667286750112E-12
0.06781914893617014       8.950363952609019E-12
0.0679521276595744        8.896254421951544E-12
0.06808510638297864       8.842340250279956E-12
0.0682180851063829        8.788624731048692E-12
0.06835106382978716       8.735111230569211E-12
0.0684840425531914        8.68180318948697E-12
0.06861702127659566       8.628704124273872E-12
0.06874999999999992       8.575797406423791E-12
0.06888297872340418       8.523088886320335E-12
0.06901595744680843       8.470582278856256E-12
0.06914893617021269       8.418281381571439E-12
0.06928191489361693       8.366190076321064E-12
0.06941489361702119       8.314312330957817E-12
0.06954787234042545       8.262629859291182E-12
0.06968085106382971       8.211152132687062E-12
0.06981382978723395       8.159883316980578E-12
0.06994680851063821       8.108827670860854E-12
0.07007978723404247       8.057989547709311E-12
0.07021276595744673       8.007373397447472E-12
0.07034574468085099       7.956959370203045E-12
0.07047872340425525       7.906761065122249E-12
0.07061170212765949       7.856783117921068E-12
0.07074468085106375       7.807030267206736E-12
0.070877659574468         7.7575073564313E-12
0.07101063829787226       7.708219335845306E-12
0.07114361702127651       7.659144222329957E-12
0.07127659574468077       7.610300892273294E-12
0.07140957446808502       7.561694449244782E-12
0.07154255319148926       7.513330108553445E-12
0.07167553191489352       7.465213199212038E-12
0.07180851063829778       7.417349165885105E-12
0.07194148936170204       7.369715116160967E-12
0.0720744680851063        7.322335187375958E-12
0.07220744680851054       7.275214913227347E-12
0.0723404255319148        7.228359945087353E-12
0.07247340425531905       7.181776053797599E-12
0.07260638297872331       7.135469131422086E-12
0.07273936170212757       7.089414167184784E-12
0.07287234042553183       7.0436436417884324E-12
0.07300531914893607       6.998163424849575E-12
0.07313829787234033       6.952979503994807E-12
0.07327127659574457       6.908097986202714E-12
0.07340425531914883       6.863525099068392E-12
0.07353723404255309       6.819241662414792E-12
0.07367021276595735       6.775282880851899E-12
0.07380319148936161       6.731654839898956E-12
0.07393617021276587       6.688363735476559E-12
0.07406914893617011       6.645415874417563E-12
0.07420212765957437       6.602817674854061E-12
0.07433510638297865       6.560566356571566E-12
0.07446808510638292       6.518694670534775E-12
0.07460106382978719       6.477208904253496E-12
0.07473404255319145       6.4361154393373665E-12
0.07486702127659572       6.395420750664694E-12
0.075                     6.35513140536753E-12
0                         5.7608225009986625E-9
1.329787234042553E-4      5.476063671695174E-9
2.659574468085106E-4      5.1426344530840844E-9
3.9893617021276594E-4     4.759371461548488E-9
5.319148936170212E-4      4.325369403253993E-9
6.648936170212766E-4      3.83999162358407E-9
7.978723404255319E-4      3.30294844588368E-9
9.308510638297872E-4      2.883647627962022E-9
0.0010638297872340424     2.5151026104367087E-9
0.0011968085106382976     2.1967711667936785E-9
0.0013297872340425527     1.9279739511788522E-9
0.0014627659574468082     1.7079648195224332E-9
0.0015957446808510635     1.5361110275866747E-9
0.0017287234042553188     1.4092584751960063E-9
0.0018617021276595743     1.295647067904772E-9
0.00199468085106383       1.1952531520968629E-9
0.002127659574468085      1.1080564628791675E-9
0.0022606382978723407     1.034044357792952E-9
0.002393617021276596      9.732169455829233E-10
0.0025265957446808517     9.204418875106022E-10
0.0026595744680851063     8.715719955804366E-10
0.002792553191489362      8.26604854651561E-10
0.002925531914893617      7.855384314525321E-10
0.0030585106382978724     7.483712953202026E-10
0.0031914893617021275     7.151028692616089E-10
0.003324468085106383      6.853387221059372E-10
0.0034574468085106385     6.573602929840044E-10
0.0035904255319148936     6.311670037634106E-10
0.0037234042553191487     6.0675834715794E-10
0.003856382978723404      5.841339181127169E-10
0.00398936170212766       5.632934487855782E-10
0.004122340425531916      5.441457183928378E-10
0.004255319148936171      5.25968604744088E-10
0.004388297872340427      5.087618992750397E-10
0.004521276595744682      4.925254125739283E-10
0.004654255319148938      4.772589816850229E-10
0.004787234042553192      4.629624781625857E-10
0.004920212765957448      4.495997178751162E-10
0.005053191489361703      4.368290127244765E-10
0.005186170212765958      4.2465027947669063E-10
0.0053191489361702135     4.1306343932734654E-10
0.005452127659574469      4.020684197326352E-10
0.0055851063829787245     3.916651564316416E-10
0.00571808510638298       3.8182064548688126E-10
0.0058510638297872355     3.7235947709068347E-10
0.00598404255319149       3.632816000560133E-10
0.006117021276595746      3.545869652977364E-10
0.00625                   3.4627552665142286E-10
0.006382978723404256      3.3834724177148905E-10
0.006515957446808511      3.3079003633504847E-10
0.006648936170212767      3.2349708175251503E-10
0.0067819148936170215     3.164683499801942E-10
0.006914893617021276      3.0970381352715804E-10
0.0070478723404255325     3.032034457588695E-10
0.007180851063829787      2.9696722123166116E-10
0.007313829787234043      2.9098516763288623E-10
0.007446808510638298      2.851922181107332E-10
0.007579787234042554      2.795883534090282E-10
0.007712765957446809      2.7417355452628706E-10
0.007845744680851065      2.6894780287583387E-10
0.00797872340425532       2.639110804615032E-10
0.008111702127659576      2.590594736151837E-10
0.008244680851063831      2.543478517060944E-10
0.008377659574468085      2.497762020032106E-10
0.00851063829787234       2.453445118151007E-10
0.008643617021276596      2.410527685673724E-10
0.008776595744680852      2.36900959887906E-10
0.008909574468085107      2.3288684926642313E-10
0.009042553191489363      2.289793358427575E-10
0.009175531914893618      2.251784102879976E-10
0.009308510638297874      2.214840632659322E-10
0.00944148936170213       2.1789628547808073E-10
0.009574468085106385      2.1441506771316196E-10
0.009707446808510642      2.110396574970123E-10
0.009840425531914896      2.077472269477245E-10
0.009973404255319151      2.0453776921282933E-10
0.010106382978723407      2.01411277401685E-10
0.010239361702127662      1.9836774461120965E-10
0.010372340425531918      1.9540716395419448E-10
0.010505319148936175      1.9252889550213076E-10
0.010638297872340429      1.8971663913488612E-10
0.010771276595744684      1.869703895569625E-10
0.01090425531914894       1.8429014143223978E-10
0.011037234042553195      1.8167588940029173E-10
0.01117021276595745       1.7912762809431824E-10
0.011303191489361706      1.7664487432162163E-10
0.011436170212765962      1.7421542746152439E-10
0.011569148936170217      1.7183928340776936E-10
0.011702127659574473      1.6951643801209974E-10
0.011835106382978727      1.6724688709449583E-10
0.011968085106382982      1.650306264544391E-10
0.01210106382978724       1.6286714341263216E-10
0.012234042553191495      1.607473522429198E-10
0.012367021276595749      1.5867124958162644E-10
0.012500000000000006      1.5663883202974173E-10
0.01263297872340426       1.546500961601507E-10
0.012765957446808515      1.5270503852556722E-10
0.012898936170212772      1.508034371987486E-10
0.013031914893617028      1.489380740035567E-10
0.013164893617021282      1.4710894624036315E-10
0.013297872340425539      1.453160511773014E-10
0.013430851063829793      1.4355938605510774E-10
0.013563829787234048      1.4183894809243827E-10
0.013696808510638305      1.4015444723050933E-10
0.013829787234042561      1.3850037872105935E-10
0.013962765957446815      1.3687674030602017E-10
0.014095744680851072      1.3528352970038705E-10
0.014228723404255326      1.3372074459578283E-10
0.014361702127659581      1.321883826643631E-10
0.014494680851063839      1.3068625154317278E-10
0.014627659574468094      1.2920988260244451E-10
0.014760638297872348      1.2775927397099823E-10
0.014893617021276605      1.2633442375426207E-10
0.015026595744680859      1.2493533003682054E-10
0.015159574468085114      1.235619908852058E-10
0.01529255319148937       1.222142625915679E-10
0.015425531914893627      1.208885645183436E-10
0.01555851063829788       1.195848950651511E-10
0.015691489361702136      1.1830325261226917E-10
0.015824468085106392      1.170436355226083E-10
0.015957446808510647      1.1580604214386358E-10
0.016090425531914903      1.1459042274887473E-10
0.01622340425531916       1.1339376981209442E-10
0.016356382978723414      1.1221608196974614E-10
0.01648936170212767       1.1105735784164718E-10
0.016622340425531925      1.0991759603271098E-10
0.01675531914893618       1.0879679513458515E-10
0.016888297872340436      1.0769488008235296E-10
0.01702127659574469       1.0660944043332167E-10
0.017154255319148947      1.0554047500813187E-10
0.017287234042553203      1.0448798261375456E-10
0.017420212765957458      1.0345196204468476E-10
0.017553191489361714      1.0243241208423924E-10
0.01768617021276597       1.0142927541854625E-10
0.017819148936170225      1.0044052004594578E-10
0.01795212765957448       9.946614494968166E-11
0.018085106382978736      9.850614910140294E-11
0.01821808510638299       9.756053146210043E-11
0.018351063829787247      9.662929098312354E-11
0.018484042553191502      9.571236331734478E-11
0.018617021276595758      9.480808006018916E-11
0.018750000000000013      9.39164403186023E-11
0.01888297872340427       9.303744318992736E-11
0.019015957446808524      9.217108776267869E-11
0.01914893617021278       9.131737311737891E-11
0.019281914893617035      9.047625056915194E-11
0.01941489361702129       8.964629730857568E-11
0.019547872340425546      8.882751255961835E-11
0.019680851063829802      8.801989553809383E-11
0.019813829787234057      8.722344545228292E-11
0.019946808510638313      8.643816150360439E-11
0.02007978723404257       8.566398336093996E-11
0.020212765957446824      8.489972222530192E-11
0.02034574468085108       8.414537740487954E-11
0.020478723404255335      8.340094820118353E-11
0.02061170212765959       8.266643390957916E-11
0.020744680851063846      8.194183381985979E-11
0.0208776595744681        8.122712478302613E-11
0.021010638297872357      8.052126150934456E-11
0.021143617021276612      7.9824243400664E-11
0.021276595744680868      7.91360698530668E-11
0.021409574468085123      7.845674025729356E-11
0.02154255319148938       7.778625399919941E-11
0.021675531914893634      7.712457321940163E-11
0.02180851063829789       7.647081846126996E-11
0.021941489361702145      7.582498919016551E-11
0.0220744680851064        7.518708486672214E-11
0.022207446808510656      7.455710494721481E-11
0.022340425531914912      7.393504888395447E-11
0.022473404255319167      7.332090192635942E-11
0.022606382978723423      7.271388188012518E-11
0.02273936170212768       7.211398827158334E-11
0.022872340425531934      7.152122062312116E-11
0.02300531914893619       7.093557845349474E-11
0.023138297872340445      7.035706127816331E-11
0.0232712765957447        6.978564492661738E-11
0.023404255319148956      6.922066705315907E-11
0.02353723404255321       6.866212723469521E-11
0.023670212765957464      6.811002504490115E-11
0.023803191489361723      6.756436005449332E-11
0.023936170212765978      6.702513183151977E-11
0.024069148936170234      6.649232707722678E-11
0.02420212765957449       6.596535241105969E-11
0.024335106382978745      6.544420745894293E-11
0.024468085106382997      6.4928891844098E-11
0.024601063829787256      6.441940518727511E-11
0.02473404255319151       6.391574710699942E-11
0.024867021276595767      6.34179068828999E-11
0.025000000000000022      6.292536622084062E-11
0.025132978723404278      6.2438124785815E-11
0.02526595744680853       6.195618224062615E-11
0.02539893617021279       6.147953824609049E-11
0.025531914893617044      6.100819246125417E-11
0.0256648936170213        6.05421462295811E-11
0.02579787234042556       6.008093094698163E-11
0.02593085106382981       5.962454631864744E-11
0.02606382978723407       5.91729920479242E-11
0.026196808510638325      5.872626783648368E-11
0.02632978723404258       5.828437338450624E-11
0.026462765957446836      5.784730668927819E-11
0.026595744680851092      5.741465786287736E-11
0.026728723404255347      5.698642664169014E-11
0.026861702127659603      5.656261276061656E-11
0.02699468085106386       5.614321595322218E-11
0.027127659574468114      5.5728235951898595E-11
0.02726063829787237       5.531768176419768E-11
0.027393617021276625      5.4911176416174614E-11
0.02752659574468088       5.4508719675123424E-11
0.027659574468085136      5.4110311307100276E-11
0.02779255319148939       5.3715951077053327E-11
0.027925531914893647      5.332563874895989E-11
0.028058510638297902      5.293938093462512E-11
0.028191489361702158      5.2556844750666035E-11
0.02832446808510641       5.217802998990458E-11
0.028457446808510665      5.180293644416386E-11
0.02859042553191492       5.143156390438195E-11
0.028723404255319177      5.1063912160731797E-11
0.028856382978723432      5.069999197776014E-11
0.028989361702127688      5.033949963723095E-11
0.029122340425531943      4.9982434955411154E-11
0.029255319148936195      4.962879774775177E-11
0.029388297872340454      4.9278587828986653E-11
0.02952127659574471       4.893180501323636E-11
0.029654255319148965      4.8588453828534386E-11
0.02978723404255322       4.8248269153300036E-11
0.029920212765957476      4.7911250824135745E-11
0.030053191489361728      4.757739867699023E-11
0.030186170212765987      4.724671254724515E-11
0.030319148936170243      4.691919226980595E-11
0.030452127659574498      4.659484508945674E-11
0.030585106382978754      4.627342718214601E-11
0.03071808510638301       4.5954938403906685E-11
0.03085106382978726       4.5639378610227475E-11
0.03098404255319152       4.532674765612718E-11
0.031117021276595776      4.501704539623259E-11
0.03125000000000003       4.471027487074938E-11
0.03138297872340429       4.4406221580701445E-11
0.03151595744680854       4.4104885398974106E-11
0.0316489361702128        4.3806266198003953E-11
0.03178191489361705       4.351036384984294E-11
0.03191489361702131       4.321717822622555E-11
0.03204787234042557       4.292671381235607E-11
0.03218085106382982       4.263877235693832E-11
0.03231382978723408       4.235335374867049E-11
0.03244680851063833       4.207045787586235E-11
0.03257978723404258       4.179008462648942E-11
0.03271276595744684       4.151223388824969E-11
0.0328457446808511        4.123690992241504E-11
0.03297872340425535       4.09639341708501E-11
0.033111702127659605      4.0693306535744707E-11
0.033244680851063864      4.042502691895487E-11
0.03337765957446812       4.015909522204887E-11
0.033510638297872375      3.9895511346355547E-11
0.033643617021276634      3.963428109342418E-11
0.033776595744680886      3.9375239446644995E-11
0.033909574468085145      3.911838632114541E-11
0.0340425531914894        3.8863721631743474E-11
0.03417553191489365       3.8611245292985736E-11
0.03430851063829791       3.836095721918709E-11
0.03444148936170217       3.8112859369902104E-11
0.03457446808510642       3.7866805034787344E-11
0.03470744680851067       3.762279413972654E-11
0.03484042553191493       3.738082661031972E-11
0.03497340425531919       3.7140902371914864E-11
0.03510638297872344       3.690302134964093E-11
0.03523936170212769       3.6667186952896374E-11
0.03537234042553195       3.6433263181168284E-11
0.035505319148936204      3.6201249971231375E-11
0.035638297872340456      3.5971147259574526E-11
0.035771276595744715      3.574295498242542E-11
0.03590425531914897       3.551667307577639E-11
0.03603723404255322       3.5292303736999624E-11
0.03617021276595748       3.5069721875333124E-11
0.03630319148936174       3.484892743563592E-11
0.03643617021276599       3.462992036249526E-11
0.03656914893617024       3.441270060024673E-11
0.0367021276595745        3.419726809299519E-11
0.03683510638297876       3.398363195122618E-11
0.03696808510638302       3.3771671356570807E-11
0.03710106382978726       3.356138626247815E-11
0.03723404255319152       3.335277662211734E-11
0.03736702127659578       3.314584238839227E-11
0.03750000000000003       3.294058351395724E-11
0.03763297872340429       3.273700734625703E-11
0.037765957446808544      3.2535003613977197E-11
0.037898936170212796      3.233457227758625E-11
0.03803191489361705       3.2135713297271256E-11
0.0381648936170213        3.193842663294863E-11
0.03829787234042556       3.174271224427552E-11
0.03843085106382981       3.154857975082076E-11
0.03856382978723407       3.135592454548354E-11
0.03869680851063833       3.11647465956225E-11
0.03882978723404258       3.0975045868308726E-11
0.03896276595744684       3.07868223303325E-11
0.03909574468085109       3.06000759482107E-11
0.03922872340425535       3.041481408551565E-11
0.039361702127659604      3.0230941463564425E-11
0.039494680851063856      3.004845805560664E-11
0.039627659574468115      2.9867363834604286E-11
0.03976063829787237       2.9687658773235546E-11
0.03989361702127662       2.950934284389896E-11
0.04002659574468088       2.9332424386757414E-11
0.04015957446808513       2.915681380763486E-11
0.04029255319148938       2.898251108592022E-11
0.04042553191489364       2.880951620071845E-11
0.0405585106382979        2.8637829130851418E-11
0.04069148936170215       2.8467449854859062E-11
0.040824468085106404      2.82983850601696E-11
0.04095744680851066       2.8130552479557533E-11
0.041090425531914915      2.7963952097724646E-11
0.04122340425531917       2.7798583899102477E-11
0.041356382978723426      2.7634447867851087E-11
0.04148936170212768       2.7471543987858022E-11
0.04162234042553194       2.7309880146630736E-11
0.04175531914893619       2.7149378233649023E-11
0.04188829787234045       2.6990038239299094E-11
0.0420212765957447        2.683186015372359E-11
0.04215425531914895       2.6674843966818656E-11
0.04228723404255321       2.651898966823101E-11
0.04242021276595746       2.6364303240598263E-11
0.04255319148936172       2.6210713095830878E-11
0.042686170212765974      2.6058219229657722E-11
0.042819148936170226      2.590682163760415E-11
0.042952127659574485      2.5756520314987858E-11
0.04308510638297874       2.5607315256914786E-11
0.043218085106382996      2.545921299171794E-11
0.04335106382978725       2.5312145763033414E-11
0.0434840425531915        2.516611357264145E-11
0.04361702127659576       2.502111642218196E-11
0.04375000000000001       2.4877154313149688E-11
0.04388297872340426       2.473422724688937E-11
0.04401595744680852       2.4592340213771797E-11
0.044148936170212774      2.445143089138571E-11
0.044281914893617026      2.4311499287625747E-11
0.044414893617021285      2.4172545410327355E-11
0.04454787234042554       2.4034569267261895E-11
0.044680851063829796      2.3897570866131594E-11
0.04481382978723405       2.3761555777067972E-11
0.04494680851063831       2.3626464531055987E-11
0.04507978723404256       2.3492297143188986E-11
0.04521276595744681       2.3359053628615583E-11
0.04534574468085107       2.3226734002535197E-11
0.04547872340425532       2.3095338280193477E-11
0.04561170212765958       2.296487100588131E-11
0.04574468085106383       2.2835276838442188E-11
0.04587765957446809       2.2706555800685268E-11
0.046010638297872344      2.2578707915612457E-11
0.046143617021276596      2.2451733206414982E-11
0.046276595744680855      2.2325631696469768E-11
0.04640957446808511       2.220040969672737E-11
0.046542553191489366      2.2076012850009138E-11
0.04667553191489362       2.1952441188363026E-11
0.04680851063829787       2.1829694744209623E-11
0.04694148936170213       2.1707773550340405E-11
0.04707446808510638       2.1586677639915773E-11
0.04720744680851064       2.1466413412373726E-11
0.04734042553191489       2.1346929464692097E-11
0.047473404255319145      2.1228225839426524E-11
0.0476063829787234        2.111030257971965E-11
0.047739361702127656      2.0993159729301624E-11
0.04787234042553191       2.087679733249042E-11
0.04800531914893617       2.0761222732467733E-11
0.04813829787234042       2.06463857724068E-11
0.04827127659574467       2.0532286507526546E-11
0.04840425531914893       2.0418924993901817E-11
0.04853723404255319       2.0306301288467056E-11
0.04867021276595744       2.0194415449019624E-11
0.04880319148936169       2.0083274622144417E-11
0.04893617021276595       1.997283121170809E-11
0.049069148936170204      1.9863085287517674E-11
0.049202127659574456      1.9754036920548718E-11
0.049335106382978715      1.9645686182952747E-11
0.04946808510638297       1.9538033148064328E-11
0.049601063829787226      1.9431085523550208E-11
0.049734042553191485      1.9324797261778076E-11
0.04986702127659574       1.921916845016976E-11
0.049999999999999996      1.911419917769945E-11
0.05013297872340424       1.900988953490597E-11
0.0502659574468085        1.890623961390464E-11
0.05039893617021275       1.8803255838485015E-11
0.05053191489361702       1.8700895531280388E-11
0.05066489361702126       1.8599158800098946E-11
0.05079787234042552       1.8498045754741673E-11
0.050930851063829774      1.8397556507020195E-11
0.051063829787234026      1.8297691170774248E-11
0.051196808510638285      1.8198455855752458E-11
0.051329787234042544      1.8099809629824276E-11
0.05146276595744679       1.800175262517896E-11
0.05159574468085105       1.7904284976527557E-11
0.0517287234042553        1.7807406821127715E-11
0.05186170212765956       1.771111829880813E-11
0.05199468085106381       1.7615424843758202E-11
0.05212765957446807       1.7520287856398644E-11
0.05226063829787232       1.7425707497104582E-11
0.052393617021276574      1.7331683929375215E-11
0.05252659574468083       1.7238217319866705E-11
0.052659574468085085      1.7145307838424623E-11
0.05279255319148934       1.705296092336714E-11
0.052925531914893596      1.6961139326653534E-11
0.05305851063829785       1.6869843241774833E-11
0.0531914893617021        1.677907286604927E-11
0.05332446808510636       1.6688828400664816E-11
0.05345744680851061       1.659911005072127E-11
0.05359042553191487       1.6509922104018395E-11
0.05372340425531913       1.642123001467184E-11
0.05385638297872338       1.633303401464592E-11
0.05398936170212764       1.6245334340540248E-11
0.054122340425531885      1.6158131233643564E-11
0.054255319148936144      1.6071424939987172E-11
0.054388297872340396      1.598521921961923E-11
0.05452127659574466       1.589948105494046E-11
0.05465425531914891       1.5814210722867934E-11
0.054787234042553166      1.572940850589403E-11
0.05492021276595742       1.564507469215386E-11
0.05505319148936167       1.5561209575492325E-11
0.05518617021276593       1.5477815661979325E-11
0.05531914893617019       1.5394862560697396E-11
0.055452127659574434      1.531235060044251E-11
0.05558510638297869       1.523028011666058E-11
0.055718085106382945      1.5148651451530846E-11
0.055851063829787204      1.506746495404896E-11
0.055984042553191456      1.4986721296309455E-11
0.056117021276595715      1.490639323633477E-11
0.05624999999999997       1.4826481163426755E-11
0.05638297872340422       1.4746985474791033E-11
0.05651595744680848       1.4667906575639543E-11
0.05664893617021273       1.4589244879292967E-11
0.05678191489361698       1.4510996938914197E-11
0.05691489361702124       1.4433140453293341E-11
0.05704787234042549       1.4355675880240745E-11
0.057180851063829745      1.427860368686978E-11
0.057313829787234004      1.4201924349721569E-11
0.057446808510638256      1.4125638354889723E-11
0.057579787234042515      1.4049740921115609E-11
0.057712765957446774      1.3974211613585992E-11
0.057845744680851026      1.389905096844566E-11
0.057978723404255285      1.3824259532738975E-11
0.05811170212765953       1.3749837864560971E-11
0.05824468085106379       1.3675786533208743E-11
0.05837765957446804       1.36021005559322E-11
0.05851063829787231       1.3528760554978421E-11
0.05864361702127655       1.3455767156807098E-11
0.05877659574468081       1.3383121000630659E-11
0.05890957446808506       1.3310822738597345E-11
0.059042553191489315      1.3238873035974896E-11
0.059175531914893574      1.3167266986476195E-11
0.05930851063829783       1.309598596263991E-11
0.05944148936170208       1.3025030694170661E-11
0.05957446808510634       1.2954401925654555E-11
0.05970744680851059       1.2884100416780495E-11
0.05984042553191485       1.2814126942562586E-11
0.0599734042553191        1.2744476768546241E-11
0.06010638297872336       1.267513188114346E-11
0.06023936170212761       1.2606093128672591E-11
0.06037234042553186       1.2537361376807461E-11
0.06050531914893612       1.2468937508845004E-11
0.060638297872340374      1.2400822425974643E-11
0.060771276595744626      1.2333011015468196E-11
0.060904255319148885      1.2265486515754812E-11
0.061037234042553144      1.2198249910550765E-11
0.06117021276595739       1.2131302203781141E-11
0.061303191489361655      1.2064644419902984E-11
0.06143617021276591       1.1998277604230974E-11
0.061569148936170166      1.1932195912539015E-11
0.06170212765957441       1.1866384068076604E-11
0.06183510638297867       1.1800843207993201E-11
0.061968085106382916      1.173557449291257E-11
0.06210106382978717       1.1670579107321864E-11
0.062234042553191427      1.1605858259964256E-11
0.06236702127659568       1.1541405732001124E-11
0.06249999999999994       1.1477207428564305E-11
0.0626329787234042        1.1413264661937111E-11
0.06276595744680845       1.1349578771665368E-11
0.06289893617021271       1.1286151125025616E-11
0.06303191489361697       1.1222983117498112E-11
0.06316489361702123       1.1160067524156553E-11
0.06329787234042548       1.1097392126777288E-11
0.06343085106382973       1.1034958436441139E-11
0.06356382978723397       1.0972767995856977E-11
0.06369680851063823       1.0910822379923762E-11
0.06382978723404249       1.0849123196298866E-11
0.06396276595744675       1.0787662106220665E-11
0.06409574468085101       1.0726428750681803E-11
0.06422872340425526       1.0665424864867535E-11
0.06436170212765951       1.0604652220585168E-11
0.06449468085106376       1.0544112626936355E-11
0.06462765957446802       1.0483807930997416E-11
0.06476063829787228       1.0423729609541468E-11
0.06489361702127654       1.036386847425059E-11
0.06502659574468078       1.0304226514570773E-11
0.06515957446808504       1.0244805762335136E-11
0.06529255319148929       1.0185608292565634E-11
0.06542553191489354       1.012663622428472E-11
0.0655585106382978        1.0067879349765177E-11
0.06569148936170206       1.0009331313796128E-11
0.06582446808510632       9.95099439158868E-12
0.06595744680851058       9.892870907305362E-12
0.06609042553191483       9.834963235010216E-12
0.06622340425531908       9.777273799630866E-12
0.06635638297872334       9.719790610316115E-12
0.0664893617021276        9.662510040177581E-12
0.06662234042553185       9.60543468398194E-12
0.06675531914893611       9.5485671928817E-12
0.06688829787234035       9.491910275533499E-12
0.06702127659574461       9.435466699230298E-12
0.06715425531914887       9.379224075203507E-12
0.06728723404255312       9.323180464967685E-12
0.06742021276595737       9.267338820699805E-12
0.06755319148936163       9.211702159356557E-12
0.06768617021276589       9.156273563979165E-12
0.06781914893617014       9.101056185013609E-12
0.0679521276595744        9.046035769757656E-12
0.06808510638297864       8.991213897936196E-12
0.0682180851063829        8.93659391627125E-12
0.06835106382978716       8.882179245529073E-12
0.0684840425531914        8.827973382021682E-12
0.06861702127659566       8.77397989912421E-12
0.06874999999999992       8.720181885206395E-12
0.06888297872340418       8.666585287180834E-12
0.06901595744680843       8.61319388006886E-12
0.06914893617021269       8.560011522888483E-12
0.06928191489361693       8.507042160350513E-12
0.06941489361702119       8.454289824569045E-12
0.06954787234042545       8.401735917794363E-12
0.06968085106382971       8.349390069119093E-12
0.06981382978723395       8.297256511864666E-12
0.06994680851063821       8.24533957372679E-12
0.07007978723404247       8.193643678644875E-12
0.07021276595744673       8.142173348681159E-12
0.07034574468085099       8.090908395547893E-12
0.07047872340425525       8.039862645958217E-12
0.07061170212765949       7.989040810806524E-12
0.07074468085106375       7.93844770556893E-12
0.070877659574468         7.888088252290343E-12
0.07101063829787226       7.837967481571742E-12
0.07114361702127651       7.788063035556536E-12
0.07127659574468077       7.738394107472204E-12
0.07140957446808502       7.688965883763631E-12
0.07154255319148926       7.639783664459463E-12
0.07167553191489352       7.590852865170615E-12
0.07180851063829778       7.542179019072521E-12
0.07194148936170204       7.493738843583466E-12
0.0720744680851063        7.445556881996986E-12
0.07220744680851054       7.397638758022635E-12
0.0723404255319148        7.349990214999E-12
0.07247340425531905       7.30261711772053E-12
0.07260638297872331       7.2555254542223795E-12
0.07273936170212757       7.208689787871695E-12
0.07287234042553183       7.162143146801277E-12
0.07300531914893607       7.115891496315034E-12
0.07313829787234033       7.069940921703682E-12
0.07327127659574457       7.024297629612576E-12
0.07340425531914883       6.97896794933108E-12
0.07353723404255309       6.9339323735787444E-12
0.07367021276595735       6.8892267009293845E-12
0.07380319148936161       6.844857116410185E-12
0.07393617021276587       6.800829917324065E-12
0.07406914893617011       6.757151513773842E-12
0.07420212765957437       6.713828429060656E-12
0.07433510638297865       6.6708578344688856E-12
0.07446808510638292       6.628273032465668E-12
0.07460106382978719       6.586080413823948E-12
0.07473404255319145       6.544286465052513E-12
0.07486702127659572       6.502897767557015E-12
0.075                     6.461920996614391E-12
0                         3.783895146697136E-9
1.329787234042553E-4      3.70863086574904E-9
2.659574468085106E-4      3.603796595894459E-9
3.9893617021276594E-4     3.469105325952298E-9
5.319148936170212E-4      3.3043520081415916E-9
6.648936170212766E-4      3.10941158068717E-9
7.978723404255319E-4      2.8842487677823072E-9
9.308510638297872E-4      2.645740906987755E-9
0.0010638297872340424     2.4204363953301833E-9
0.0011968085106382976     2.2081280533538126E-9
0.0013297872340425527     2.008582974587399E-9
0.0014627659574468082     1.821543984435285E-9
0.0015957446808510635     1.6467346495209044E-9
0.0017287234042553188     1.5077489519271542E-9
0.0018617021276595743     1.3822097460659011E-9
0.00199468085106383       1.2700297353365738E-9
0.002127659574468085      1.1711180247684277E-9
0.0022606382978723407     1.085389409492209E-9
0.002393617021276596      1.0127782825696307E-9
0.0025265957446808517     9.533324136299955E-10
0.0026595744680851063     8.986795946837904E-10
0.002792553191489362      8.488118124269967E-10
0.002925531914893617      8.037219006646508E-10
0.0030585106382978724     7.634042658715679E-10
0.0031914893617021275     7.278557413410052E-10
0.003324468085106383      6.965039106432409E-10
0.0034574468085106385     6.671096166370073E-10
0.0035904255319148936     6.39671855830598E-10
0.0037234042553191487     6.141897318746174E-10
0.003856382978723404      5.906625101321656E-10
0.00398936170212766       5.69089679125423E-10
0.004122340425531916      5.493872463766264E-10
0.004255319148936171      5.307032185887557E-10
0.004388297872340427      5.13037292213833E-10
0.004521276595744682      4.96389188628302E-10
0.004654255319148938      4.807586646120528E-10
0.004787234042553192      4.661455239806235E-10
0.004920212765957448      4.525224664294656E-10
0.005053191489361703      4.395119497191853E-10
0.005186170212765958      4.271138626768717E-10
0.0053191489361702135     4.153280997466149E-10
0.005452127659574469      4.0415456345045364E-10
0.0055851063829787245     3.9359316711418893E-10
0.00571808510638298       3.8361209700876966E-10
0.0058510638297872355     3.7402384725910484E-10
0.00598404255319149       3.6482835467891494E-10
0.006117021276595746      3.560255586178761E-10
0.00625                   3.4761540198225243E-10
0.006382978723404256      3.395978323560147E-10
0.006515957446808511      3.3196156451305423E-10
0.006648936170212767      3.245945984756719E-10
0.0067819148936170215     3.1749690114420604E-10
0.006914893617021276      3.106684400849103E-10
0.0070478723404255325     3.041091838948261E-10
0.007180851063829787      2.978191026038285E-10
0.007313829787234043      2.9178844187932976E-10
0.007446808510638298      2.859497089411935E-10
0.007579787234042554      2.8030288189771607E-10
0.007712765957446809      2.7484793915909937E-10
0.007845744680851065      2.6958485962275027E-10
0.00797872340425532       2.6451362287659244E-10
0.008111702127659576      2.5963049990411174E-10
0.008244680851063831      2.548890588598149E-10
0.008377659574468085      2.502892856127149E-10
0.00851063829787234       2.4583116608601994E-10
0.008643617021276596      2.4151468634486137E-10
0.008776595744680852      2.373398326927884E-10
0.008909574468085107      2.3330447227249357E-10
0.009042553191489363      2.2937677242354551E-10
0.009175531914893618      2.2555672299672772E-10
0.009308510638297874      2.218443138413641E-10
0.00944148936170213       2.1823953485525876E-10
0.009574468085106385      2.147423760395219E-10
0.009707446808510642      2.1135215477691291E-10
0.009840425531914896      2.0804560790554618E-10
0.009973404255319151      2.048227280741108E-10
0.010106382978723407      2.0168350789468727E-10
0.010239361702127662      1.9862793997089538E-10
0.010372340425531918      1.9565601692884054E-10
0.010505319148936175      1.9276713931502523E-10
0.010638297872340429      1.8994474314495898E-10
0.010771276595744684      1.8718882280406353E-10
0.01090425531914894       1.8449937263745992E-10
0.011037234042553195      1.818763869675829E-10
0.01117021276595745       1.7931986011352431E-10
0.011303191489361706      1.7682933202110843E-10
0.011436170212765962      1.7439243648701211E-10
0.011569148936170217      1.720091691946951E-10
0.011702127659574473      1.6967952578533146E-10
0.011835106382978727      1.6740350186876258E-10
0.011968085106382982      1.6518109303553942E-10
0.01210106382978724       1.6301180019118922E-10
0.012234042553191495      1.6088643019303844E-10
0.012367021276595749      1.5880497953238786E-10
0.012500000000000006      1.5676744466490312E-10
0.01263297872340426       1.5477382201827567E-10
0.012765957446808515      1.5282410800062293E-10
0.012898936170212772      1.5091809058522344E-10
0.013031914893617028      1.4904847870669318E-10
0.013164893617021282      1.4721526956444904E-10
0.013297872340425539      1.4541846032531244E-10
0.013430851063829793      1.4365804812860832E-10
0.013563829787234048      1.4193403009176122E-10
0.013696808510638305      1.4024612210786816E-10
0.013829787234042561      1.3858877013173263E-10
0.013962765957446815      1.3696197183257196E-10
0.014095744680851072      1.3536572485238187E-10
0.014228723404255326      1.338000268096659E-10
0.014361702127659581      1.322648753035188E-10
0.014494680851063839      1.3076008208182024E-10
0.014627659574468094      1.29281143697844E-10
0.014760638297872348      1.2782805822747476E-10
0.014893617021276605      1.2640082372295913E-10
0.015026595744680859      1.2499943821556007E-10
0.015159574468085114      1.2362389971846252E-10
0.01529255319148937       1.2227406765713294E-10
0.015425531914893627      1.2094633636057595E-10
0.01555851063829788       1.1964070418892348E-10
0.015691489361702136      1.1835716948278405E-10
0.015824468085106392      1.1709573056528602E-10
0.015957446808510647      1.1585638574430746E-10
0.016090425531914903      1.1463908773746291E-10
0.01622340425531916       1.134408105103636E-10
0.016356382978723414      1.1226155266943099E-10
0.01648936170212767       1.1110131280453602E-10
0.016622340425531925      1.0996008949055051E-10
0.01675531914893618       1.0883788128903795E-10
0.016888297872340436      1.0773461486292547E-10
0.01702127659574469       1.0664786627094732E-10
0.017154255319148947      1.0557763431097351E-10
0.017287234042553203      1.0452391776709572E-10
0.017420212765957458      1.0348671541085529E-10
0.017553191489361714      1.0246602600257787E-10
0.01768617021276597       1.0146179342848894E-10
0.017819148936170225      1.0047197554610571E-10
0.01795212765957448       9.949657132110496E-11
0.018085106382978736      9.853557970748374E-11
0.01821808510638299       9.758899964852059E-11
0.018351063829787247      9.665683007781842E-11
0.018484042553191502      9.57390075475662E-11
0.018617021276595758      9.483385600958777E-11
0.018750000000000013      9.39413745570936E-11
0.01888297872340427       9.306156227362906E-11
0.019015957446808524      9.219441823386607E-11
0.01914893617021278       9.13399415044592E-11
0.019281914893617035      9.049808403246741E-11
0.01941489361702129       8.966741716577374E-11
0.019547872340425546      8.884794011756705E-11
0.019680851063829802      8.803965209283312E-11
0.019813829787234057      8.724255228898901E-11
0.019946808510638313      8.6456639896568E-11
0.02007978723404257       8.568185503578736E-11
0.020212765957446824      8.491700439267532E-11
0.02034574468085108       8.41620872668156E-11
0.020478723404255335      8.341710295107866E-11
0.02061170212765959       8.268205073216469E-11
0.020744680851063846      8.195692989118764E-11
0.0208776595744681        8.124171769009144E-11
0.021010638297872357      8.053536525916013E-11
0.021143617021276612      7.983787199344347E-11
0.021276595744680868      7.914923728219653E-11
0.021409574468085123      7.84694605093115E-11
0.02154255319148938       7.779854105378199E-11
0.021675531914893634      7.71364413408564E-11
0.02180851063829789       7.648227911593198E-11
0.021941489361702145      7.583605383887737E-11
0.0220744680851064        7.519776496481378E-11
0.022207446808510656      7.456741194448916E-11
0.022340425531914912      7.394499422467898E-11
0.022473404255319167      7.333049729552113E-11
0.022606382978723423      7.272313671711336E-11
0.02273936170212768       7.212291201133786E-11
0.022872340425531934      7.152982269611791E-11
0.02300531914893619       7.094386828573525E-11
0.023138297872340445      7.036504829116923E-11
0.0232712765957447        6.979333872008854E-11
0.023404255319148956      6.922807545035838E-11
0.02353723404255321       6.866925805526292E-11
0.023670212765957464      6.811688610484463E-11
0.023803191489361723      6.75709591661803E-11
0.023936170212765978      6.70314768036752E-11
0.024069148936170234      6.649842586171618E-11
0.02420212765957449       6.597121151061683E-11
0.024335106382978745      6.544983337335131E-11
0.024468085106382997      6.493429107018349E-11
0.024601063829787256      6.442458421890119E-11
0.02473404255319151       6.392071243506545E-11
0.024867021276595767      6.342266512548227E-11
0.025000000000000022      6.292992281069934E-11
0.025132978723404278      6.244248515328754E-11
0.02526595744680853       6.19603518136226E-11
0.02539893617021279       6.14835224500911E-11
0.025531914893617044      6.101199671930886E-11
0.0256648936170213        6.054577607740722E-11
0.02579787234042556       6.008439094297141E-11
0.02593085106382981       5.962784101921349E-11
0.02606382978723407       5.917612600749606E-11
0.026196808510638325      5.872924560750625E-11
0.02632978723404258       5.828719951743998E-11
0.026462765957446836      5.784998582743199E-11
0.026595744680851092      5.741719384671308E-11
0.026728723404255347      5.6988823310035915E-11
0.026861702127659603      5.6564873950665E-11
0.02699468085106386       5.614534550052994E-11
0.027127659574468114      5.5730237690387375E-11
0.02726063829787237       5.5319559613924526E-11
0.027393617021276625      5.491293362216682E-11
0.02752659574468088       5.4510359481063967E-11
0.027659574468085136      5.411183695532686E-11
0.02779255319148939       5.3717365808558554E-11
0.027925531914893647      5.3326945803392545E-11
0.028058510638297902      5.294058362561482E-11
0.028191489361702158      5.2557945829599534E-11
0.02832446808510641       5.2179032207058285E-11
0.028457446808510665      5.180384254870366E-11
0.02859042553191492       5.1432376644363925E-11
0.028723404255319177      5.10646342831039E-11
0.028856382978723432      5.070062628833326E-11
0.028989361702127688      5.0340048473586646E-11
0.029122340425531943      4.998290065421058E-11
0.029255319148936195      4.962918264473602E-11
0.029388297872340454      4.927889425897791E-11
0.02952127659574471       4.8932035310139775E-11
0.029654255319148965      4.858861037076136E-11
0.02978723404255322       4.824835393448046E-11
0.029920212765957476      4.791126583713629E-11
0.030053191489361728      4.757734591391521E-11
0.030186170212765987      4.7246593999437895E-11
0.030319148936170243      4.691900992785091E-11
0.030452127659574498      4.65946009800402E-11
0.030585106382978754      4.627312300757624E-11
0.03071808510638301       4.5954575865859906E-11
0.03085106382978726       4.5638959409748954E-11
0.03098404255319152       4.532627349363275E-11
0.031117021276595776      4.5016517971510675E-11
0.03125000000000003       4.470969591141673E-11
0.03138297872340429       4.4405592545478814E-11
0.03151595744680854       4.410420774605907E-11
0.0316489361702128        4.3805541385072104E-11
0.03178191489361705       4.350959333404955E-11
0.03191489361702131       4.321636346420758E-11
0.03204787234042557       4.292585628219822E-11
0.03218085106382982       4.263787330866116E-11
0.03231382978723408       4.235241443186197E-11
0.03244680851063833       4.206947953967908E-11
0.03257978723404258       4.1789068519658297E-11
0.03271276595744684       4.151118125906982E-11
0.0328457446808511        4.1235822038746526E-11
0.03297872340425535       4.096281210684701E-11
0.033111702127659605      4.069215136520335E-11
0.033244680851063864      4.0423839715315085E-11
0.03337765957446812       4.0157877058395626E-11
0.033510638297872375      3.989426329542084E-11
0.033643617021276634      3.963300424335626E-11
0.033776595744680886      3.937393472147948E-11
0.033909574468085145      3.9117054644622836E-11
0.0340425531914894        3.886236392731046E-11
0.03417553191489365       3.860986248379653E-11
0.03430851063829791       3.835955022810527E-11
0.03444148936170217       3.811142913023723E-11
0.03457446808510642       3.786535234247481E-11
0.03470744680851067       3.762131979045779E-11
0.03484042553191493       3.737933139954348E-11
0.03497340425531919       3.713938709483853E-11
0.03510638297872344       3.690148680123222E-11
0.03523936170212769       3.6665633936712755E-11
0.03537234042553195       3.6431692383583546E-11
0.035505319148936204      3.619966207841896E-11
0.035638297872340456      3.596954295750856E-11
0.035771276595744715      3.574133495688199E-11
0.03590425531914897       3.551503801233492E-11
0.03603723404255322       3.5290654327289685E-11
0.03617021276595748       3.506805871034059E-11
0.03630319148936174       3.4847251106180074E-11
0.03643617021276599       3.4628231459229855E-11
0.03656914893617024       3.441099971366112E-11
0.0367021276595745        3.419555581341566E-11
0.03683510638297876       3.398190887809109E-11
0.03696808510638302       3.376993799979214E-11
0.03710106382978726       3.355964313182991E-11
0.03723404255319152       3.3351024227236495E-11
0.03736702127659578       3.3144081238779667E-11
0.03750000000000003       3.2938814118978724E-11
0.03763297872340429       3.2735230222837004E-11
0.037765957446808544      3.2533219202183725E-11
0.037898936170212796      3.233278101737204E-11
0.03803191489361705       3.2133915628474415E-11
0.0381648936170213        3.193662299529346E-11
0.03829787234042556       3.17409030773735E-11
0.03843085106382981       3.1546765501050404E-11
0.03856382978723407       3.135410559264795E-11
0.03869680851063833       3.1162923319427186E-11
0.03882978723404258       3.09732186483621E-11
0.03896276595744684       3.078499154614658E-11
0.03909574468085109       3.059824197920183E-11
0.03922872340425535       3.041297731584202E-11
0.039361702127659604      3.022910222071795E-11
0.039494680851063856      3.004661666699504E-11
0.039627659574468115      2.986552062755155E-11
0.03976063829787237       2.968581407498241E-11
0.03989361702127662       2.9507496981603425E-11
0.04002659574468088       2.933057769140434E-11
0.04015957446808513       2.9154966561457444E-11
0.04029255319148938       2.8980663571077034E-11
0.04042553191489364       2.8807668699293666E-11
0.0405585106382979        2.8635981924855092E-11
0.04069148936170215       2.8465603226227456E-11
0.040824468085106404      2.8296539293542244E-11
0.04095744680851066       2.8128707817909728E-11
0.041090425531914915      2.7962108783963174E-11
0.04122340425531917       2.7796742176065642E-11
0.041356382978723426      2.7632607978308803E-11
0.04148936170212768       2.746970617451193E-11
0.04162234042553194       2.730804465432557E-11
0.04175531914893619       2.7147545271320927E-11
0.04188829787234045       2.6988208015818306E-11
0.0420212765957447        2.6830032877894295E-11
0.04215425531914895       2.6673019847378846E-11
0.04228723404255321       2.6517168913852354E-11
0.04242021276595746       2.636248606100493E-11
0.04255319148936172       2.6208899670306876E-11
0.042686170212765974      2.605640973742102E-11
0.042819148936170226      2.5905016257806295E-11
0.042952127659574485      2.5754719226713616E-11
0.04308510638297874       2.56055186391818E-11
0.043218085106382996      2.545742102403826E-11
0.04335106382978725       2.5310358598857762E-11
0.0434840425531915        2.5164331365351123E-11
0.04361702127659576       2.5019339325088173E-11
0.04375000000000001       2.4875382479492983E-11
0.04388297872340426       2.4732460829838993E-11
0.04401595744680852       2.459057936645386E-11
0.044148936170212774      2.444967574480025E-11
0.044281914893617026      2.4309749972697465E-11
0.044414893617021285      2.417080205790476E-11
0.04454787234042554       2.4032832008116416E-11
0.044680851063829796      2.389583983095674E-11
0.04481382978723405       2.3759831096152104E-11
0.04494680851063831       2.3624746315715292E-11
0.04507978723404256       2.3490585504655227E-11
0.04521276595744681       2.3357348678034944E-11
0.04534574468085107       2.3225035850967125E-11
0.04547872340425532       2.3093647038609527E-11
0.04561170212765958       2.2963186784584493E-11
0.04574468085106383       2.2833599731530478E-11
0.04587765957446809       2.2704885902160724E-11
0.046010638297872344      2.257704531937978E-11
0.046143617021276596      2.2450078006280082E-11
0.046276595744680855      2.2323983986138304E-11
0.04640957446808511       2.2198769569305188E-11
0.046542553191489366      2.2074380384386643E-11
0.04667553191489362       2.1950816463319944E-11
0.04680851063829787       2.182807783841322E-11
0.04694148936170213       2.1706164542343706E-11
0.04707446808510638       2.1585076608155782E-11
0.04720744680851064       2.1464820434935747E-11
0.04734042553191489       2.134534460727253E-11
0.047473404255319145      2.1226649167593657E-11
0.0476063829787234        2.1108734158911517E-11
0.047739361702127656      2.099159962482391E-11
0.04787234042553191       2.0875245609514282E-11
0.04800531914893617       2.0759679455663866E-11
0.04813829787234042       2.064485099571954E-11
0.04827127659574467       2.0530760284751095E-11
0.04840425531914893       2.041740737868174E-11
0.04853723404255319       2.030479233429174E-11
0.04867021276595744       2.0192915209221732E-11
0.04880319148936169       2.008178314964085E-11
0.04893617021276595       1.9971348550109674E-11
0.049069148936170204      1.986161148026208E-11
0.049202127659574456      1.9752572010897547E-11
0.049335106382978715      1.9644230213988553E-11
0.04946808510638297       1.953658616268765E-11
0.049601063829787226      1.9429647564076555E-11
0.049734042553191485      1.9323368362585613E-11
0.04986702127659574       1.9217748645435343E-11
0.049999999999999996      1.9112788501395227E-11
0.05013297872340424       1.900848802079592E-11
0.0502659574468085        1.8904847295541087E-11
0.05039893617021275       1.8801872748795566E-11
0.05053191489361702       1.8699521696475502E-11
0.05066489361702126       1.8597794246156063E-11
0.05079787234042552       1.849669050740126E-11
0.050930851063829774      1.8396210591781756E-11
0.051063829787234026      1.829635461289232E-11
0.051196808510638285      1.819712867958078E-11
0.051329787234042544      1.8098491854095812E-11
0.05146276595744679       1.8000444268357082E-11
0.05159574468085105       1.7902986056801484E-11
0.0517287234042553        1.7806117356407923E-11
0.05186170212765956       1.77098383067217E-11
0.05199468085106381       1.7614154341222354E-11
0.05212765957446807       1.7519026855385935E-11
0.05226063829787232       1.742445600927704E-11
0.052393617021276574      1.7330441966079123E-11
0.05252659574468083       1.7236984892127303E-11
0.052659574468085085      1.71440849569408E-11
0.05279255319148934       1.7051747597824456E-11
0.052925531914893596      1.6959935562712553E-11
0.05305851063829785       1.6868649044739092E-11
0.0531914893617021        1.6777888240859292E-11
0.05332446808510636       1.668765335189205E-11
0.05345744680851061       1.6597944582561978E-11
0.05359042553191487       1.6508766219804457E-11
0.05372340425531913       1.64200837141981E-11
0.05385638297872338       1.6331897297297995E-11
0.05398936170212764       1.624420720528766E-11
0.054122340425531885      1.615701367903282E-11
0.054255319148936144      1.6070316964134752E-11
0.054388297872340396      1.5984120819525362E-11
0.05452127659574466       1.589839222471155E-11
0.05465425531914891       1.5813131456141998E-11
0.054787234042553166      1.572833879583284E-11
0.05492021276595742       1.5644014531435E-11
0.05505319148936167       1.5560158956301176E-11
0.05518617021276593       1.5476774575556568E-11
0.05531914893617019       1.539383099565713E-11
0.055452127659574434      1.531132854486414E-11
0.05558510638297869       1.522926755807982E-11
0.055718085106382945      1.514764837693066E-11
0.055851063829787204      1.506647134985037E-11
0.055984042553191456      1.4985737147566403E-11
0.056117021276595715      1.49054185261714E-11
0.05624999999999997       1.4825515874357238E-11
0.05638297872340422       1.4746029588709253E-11
0.05651595744680848       1.4666960073808714E-11
0.05664893617021273       1.4588307742335123E-11
0.05678191489361698       1.4510069145999308E-11
0.05691489361702124       1.4432221981941493E-11
0.05704787234042549       1.4354766707278237E-11
0.057180851063829745      1.427770378841738E-11
0.057313829787234004      1.4201033701182602E-11
0.057446808510638256      1.4124756930938056E-11
0.057579787234042515      1.4048868694945531E-11
0.057712765957446774      1.3973348556881465E-11
0.057845744680851026      1.3898197052102659E-11
0.057978723404255285      1.3823414726852033E-11
0.05811170212765953       1.3749002138409568E-11
0.05824468085106379       1.3674959855243519E-11
0.05837765957446804       1.3601282893137093E-11
0.05851063829787231       1.3527951872874267E-11
0.05864361702127655       1.345496742002005E-11
0.05877659574468081       1.3382330172876783E-11
0.05890957446808506       1.3310040782666995E-11
0.059042553191489315      1.3238099913716906E-11
0.059175531914893574      1.3166502658323961E-11
0.05930851063829783       1.3095230387508243E-11
0.05944148936170208       1.302428382995932E-11
0.05957446808510634       1.2953663729230572E-11
0.05970744680851059       1.2883370843960251E-11
0.05984042553191485       1.281340594809367E-11
0.0599734042553191        1.27437643057401E-11
0.06010638297872336       1.2674427901727869E-11
0.06023936170212761       1.2605397583223787E-11
0.06037234042553186       1.2536674214729851E-11
0.06050531914893612       1.2468258678350576E-11
0.060638297872340374      1.2400151874062111E-11
0.060771276595744626      1.2332348687726468E-11
0.060904255319148885      1.22648323560174E-11
0.061037234042553144      1.2197603861345374E-11
0.06117021276595739       1.2130664206306362E-11
0.061303191489361655      1.2064014414004645E-11
0.06143617021276591       1.1997655528378169E-11
0.061569148936170166      1.1931581703775173E-11
0.06170212765957441       1.1865777661489504E-11
0.06183510638297867       1.180024453719112E-11
0.061968085106382916      1.173498348999754E-11
0.06210106382978717       1.166999570286252E-11
0.062234042553191427      1.1605282382968304E-11
0.06236702127659568       1.1540837309857539E-11
0.06249999999999994       1.1476646386605162E-11
0.0626329787234042        1.1412710923818432E-11
0.06276595744680845       1.134903225933643E-11
0.06289893617021271       1.1285611758697803E-11
0.06303191489361697       1.1222450815613306E-11
0.06316489361702123       1.1159542203462673E-11
0.06329787234042548       1.1096873701662784E-11
0.06343085106382973       1.103444681939691E-11
0.06356382978723397       1.097226309744121E-11
0.06369680851063823       1.0910324108726252E-11
0.06382978723404249       1.0848631458904827E-11
0.06396276595744675       1.0787176807440801E-11
0.06409574468085101       1.0725949792609391E-11
0.06422872340425526       1.0664952147449944E-11
0.06436170212765951       1.0604185641583706E-11
0.06449468085106376       1.0543652081885526E-11
0.06462765957446802       1.048335331316359E-11
0.06476063829787228       1.0423280809938964E-11
0.06489361702127654       1.0363425381158965E-11
0.06502659574468078       1.030378901384468E-11
0.06515957446808504       1.0244373737358626E-11
0.06529255319148929       1.0185181624205812E-11
0.06542553191489354       1.0126214790844746E-11
0.0655585106382978        1.0067463026979345E-11
0.06569148936170206       1.000891997437118E-11
0.06582446808510632       9.950587905496493E-12
0.06595744680851058       9.892469141731265E-12
0.06609042553191483       9.834566054300627E-12
0.06622340425531908       9.776881065240223E-12
0.06635638297872334       9.719402180808496E-12
0.0664893617021276        9.662125770771276E-12
0.06662234042553185       9.605054426818432E-12
0.06675531914893611       9.548190796967706E-12
0.06688829787234035       9.49153758668228E-12
0.06702127659574461       9.435097560002291E-12
0.06715425531914887       9.378858324547594E-12
0.06728723404255312       9.322817938547765E-12
0.06742021276595737       9.26697935072883E-12
0.06755319148936163       9.211345574532215E-12
0.06768617021276589       9.155919689418879E-12
0.06781914893617014       9.100704842188909E-12
0.0679521276595744        9.045686775911165E-12
0.06808510638297864       8.990867066890672E-12
0.0682180851063829        8.936249057998088E-12
0.06835106382978716       8.881836166078124E-12
0.0684840425531914        8.827631883450523E-12
0.06861702127659566       8.77363977942692E-12
0.06874999999999992       8.719842937644187E-12
0.06888297872340418       8.666247301419172E-12
0.06901595744680843       8.61285664150509E-12
0.06914893617021269       8.559674812577012E-12
0.06928191489361693       8.506705754927721E-12
0.06941489361702119       8.453953496177991E-12
0.06954787234042545       8.401399433013385E-12
0.06968085106382971       8.349053191186315E-12
0.06981382978723395       8.296918999332058E-12
0.06994680851063821       8.245001180383036E-12
0.07007978723404247       8.193304153438406E-12
0.07021276595744673       8.141832435643549E-12
0.07034574468085099       8.090565832303463E-12
0.07047872340425525       8.03951816721399E-12
0.07061170212765949       7.988694146190901E-12
0.07074468085106375       7.938098579556163E-12
0.070877659574468         7.887736384125955E-12
0.07101063829787226       7.837612585199093E-12
0.07114361702127651       7.787704817901628E-12
0.07127659574468077       7.738032273057044E-12
0.07140957446808502       7.68860013170557E-12
0.07154255319148926       7.639413688403398E-12
0.07167553191489352       7.590478353223237E-12
0.07180851063829778       7.541799653738904E-12
0.07194148936170204       7.49335430017534E-12
0.0720744680851063        7.445166834140145E-12
0.07220744680851054       7.397242873741371E-12
0.0723404255319148        7.34958815666498E-12
0.07247340425531905       7.302208542005266E-12
0.07260638297872331       7.25511001205366E-12
0.07273936170212757       7.208267123028747E-12
0.07287234042553183       7.161712902756015E-12
0.07300531914893607       7.115453310956487E-12
0.07313829787234033       7.0694944273158344E-12
0.07327127659574457       7.023842452857785E-12
0.07340425531914883       6.9785037112394995E-12
0.07353723404255309       6.933458688800533E-12
0.07367021276595735       6.8887431848491634E-12
0.07380319148936161       6.844363379136043E-12
0.07393617021276587       6.800325563709534E-12
0.07406914893617011       6.756636143447764E-12
0.07420212765957437       6.713301636465454E-12
0.07433510638297865       6.670319211259092E-12
0.07446808510638292       6.627722169166312E-12
0.07460106382978719       6.585516896278005E-12
0.07473404255319145       6.543709874505032E-12
0.07486702127659572       6.502307680749777E-12
0.075                     6.461316985891582E-12
