% Model:              pcal_mirror_deformation_3d_2beams.mph
% Version:            COMSOL 5.6.0.401
% Date:               Nov 10 2025, 16:30
% Dimension:          1
% Nodes:              439
% Expressions:        1
% Description:        Line graph
% cln1x                   Height
0                         1.0996065644876567E-11
0.002199041768277482      1.2372147057593643E-11
0.0036198569897038096     1.326124222864251E-11
0.004398083536554964      1.374822847031072E-11
0.0056025699862356365     1.4501952860263283E-11
0.00659712530483246       1.5124309883027807E-11
0.007493042921744894      1.5823710315629516E-11
0.008954374857260416      1.696450291595423E-11
0.010235098310041255      1.796430303151064E-11
0.011311624409688387      1.8804695948880657E-11
0.012539962943986717      1.976360164071234E-11
0.013577913388207748      2.0544294721021062E-11
0.014375717712593883      2.1305912833316713E-11
0.016092478587445447      2.2905768247160796E-11
0.01760737130826906       2.4317502028088325E-11
0.01851017622666673       2.515882906291399E-11
0.019533285084623403      2.611226775628784E-11
0.02092787386588802       2.7411889878667187E-11
0.022222398935760654      2.9247103078516304E-11
0.023742868949481993      3.14026323178463E-11
0.025912752282729504      3.447881726627703E-11
0.026557864033075945      3.539337475702539E-11
0.027009903576802503      3.603421899929439E-11
0.029536733658445558      3.94040355829803E-11
0.03127055478589916       4.320910897800173E-11
0.03201824750443253       4.485000816067635E-11
0.033197547388150894      4.7438119783747284E-11
0.03452626120204033       5.0143276650316374E-11
0.035656731998870025      5.244482631927626E-11
0.03705827346888522       5.529825456827949E-11
0.03823053617614973       5.908938530631416E-11
0.03889565065221014       6.124038432631068E-11
0.03948254830050765       6.31384279139405E-11
0.041096390095266846      6.846694047542613E-11
0.042903002836470784      7.443193575346796E-11
0.0434676692790735        7.629632682465528E-11
0.04526449020758541       8.49554946280204E-11
0.04584853876962566       8.777011817996723E-11
0.04741659116687266       9.5326813795415E-11
0.04825073557323763       1.0051417844680459E-10
0.04947431488678418       1.0812335502442203E-10
0.050694076128187625      1.1570878783259086E-10
0.05181532558281408       1.263830370175809E-10
0.052199646616800974      1.3004175762331432E-10
0.05266336048402967       1.3445629477105678E-10
0.05370521710541433       1.4437472741403777E-10
0.05456869659631163       1.5259501703285125E-10
0.05505683728918218       1.5706993532792149E-10
0.05574639159340271       1.67881138247966E-10
0.056272882192483636      1.754775471867978E-10
0.056887088309795         1.8433954937254258E-10
0.05755875700267967       1.940306437082619E-10
0.0581345038774401        2.0233774114470135E-10
0.058844631812875706      2.12583740229726E-10
0.05943076945077698       2.2866377514699494E-10
0.05978058651240417       2.3826061759813446E-10
0.06009687048139278       2.469375169068358E-10
0.06071654121193263       2.63937494966543E-10
0.06140191073864937       2.827398465102831E-10
0.061694128530528594      2.898436756262298E-10
0.061977176119600665      3.0333706758531854E-10
0.062434047527827545      3.228769989077299E-10
0.06299562472156445       3.4689509152691726E-10
0.06320675757410706       3.559250316026128E-10
0.06337852481241354       3.6327134388986016E-10
0.06397946762038657       3.889730642974955E-10
0.06441292669512715       4.2589444460912026E-10
0.06447232907537295       4.3095424840670823E-10
0.06452885639577148       4.357691590085459E-10
0.06496519053035933       4.729354325159207E-10
0.06542371723911324       5.119920355114237E-10
0.06546327913918847       5.149050090729669E-10
0.0655082871881768        5.215244812577888E-10
0.065873797401585         5.699642160254391E-10
0.06625629304193385       6.20654967442526E-10
0.06628951676804413       6.250579866243134E-10
0.06632126513309665       6.292654815889817E-10
0.06670523613450328       6.801517572231879E-10
0.06696018959618029       7.483091422168634E-10
0.06697015742300219       7.509738677937646E-10
0.06697976380382271       7.53541967052641E-10
0.0672350787115011        8.217959783643415E-10
0.0675                    8.926180889349188E-10
0.06768478022477532       9.71788795420146E-10
0.06768551164680411       9.721021795976376E-10
0.06786956044955066       1.050959501905373E-9
0.06787102329360822       1.0515862702603557E-9
0.06805434067432597       1.1301302083906004E-9
0.06805632631684923       1.1313802292048986E-9
0.06813167973401815       1.1763538117131332E-9
0.06820719869269028       1.221426195241044E-9
0.06820903644465101       1.222523030561071E-9
0.0682109702154499        1.2236771733172164E-9
0.06828639315528386       1.26869224940901E-9
0.06833986100001671       1.3132143553405688E-9
0.06835709158591113       1.3275620810491252E-9
0.06838620375538647       1.3518034751010861E-9
0.06842779001653843       1.386431912689241E-9
0.06845240362856805       1.406927405777045E-9
0.06851062976542532       1.4557731530455694E-9
0.06855116485993654       1.5016932360012993E-9
0.06857851018641532       1.5326713224101122E-9
0.06860703787856004       1.5649888488798883E-9
0.06865319904414113       1.6143302386210004E-9
0.06868560957822409       1.6489736618052802E-9
0.06873282349319401       1.6994403289790615E-9
0.06877499921194527       1.769780369522127E-9
0.06881193579378125       1.8313826549316222E-9
0.06888158446432983       1.9475416785407203E-9
0.0688901725345435        1.960969718809981E-9
0.0688967522359808        1.9712575359402094E-9
0.06896196549236545       2.0732229613542737E-9
0.06900011014715947       2.1615207369073803E-9
0.06903781901088563       2.267631512433966E-9
0.0690730326232714        2.366720780847916E-9
0.06911682731260141       2.4899567521701912E-9
0.06914595509938334       2.571920824788457E-9
0.0691958356143172        2.7122819919064185E-9
0.06922448521000327       2.839191221382995E-9
0.06926200149632794       3.008017034499518E-9
0.0693016943842398        3.1866377012326523E-9
0.06932135098888541       3.2750937449274978E-9
0.06933992970277723       3.3586992076938225E-9
0.06938070048144288       3.5421704553554776E-9
0.06943399855687828       4.0638415274121434E-9
0.06945154038633641       4.235537501507098E-9
0.06946705886377036       4.3874293042319414E-9
0.06952238029122997       4.928904547658722E-9
0.06958491471511331       5.540979180395006E-9
0.06959413059467681       5.619673424916643E-9
0.069603244516078         5.740509840495332E-9
0.06964032574454887       6.195828634155551E-9
0.06967962708686766       6.678408109316991E-9
0.06968808397774011       6.782249904989398E-9
0.0697021938646491        6.955504593439883E-9
0.06973584221093133       7.368671175823255E-9
0.06975420259784022       7.582367711294416E-9
0.06978146691538957       7.899697091725794E-9
0.06982374107595536       8.391726028680701E-9
0.06982689533015315       8.41917333048706E-9
0.06982867293796406       8.434641499829163E-9
0.06986984713743598       8.79292609221654E-9
0.0699150733384974        8.979090628378601E-9
0.06992847552006336       9.034258006054161E-9
0.06998037996406892       9.247912182532953E-9
0.06998634447321725       9.261265371306757E-9
0.06998811110502227       9.265220460887428E-9
0.07003835112351553       9.377696514533446E-9
0.07005495126959264       9.314795706174818E-9
0.0701159108705931        8.76372517465916E-9
0.07012650991363784       8.667910566486494E-9
0.0701934146990061        8.063095983898486E-9
0.07019806855768304       8.021025426798161E-9
0.07025408428333559       7.514647182814133E-9
0.07026973656215882       7.362826399718047E-9
0.07027111273908734       7.349839307070779E-9
0.07033368563014084       6.577244878422037E-9
0.07033438269583925       6.5686381309004265E-9
0.0703974810490099        5.789555763187866E-9
0.07039765265259114       5.7874369547300945E-9
0.07041831513387663       5.532315005680542E-9
0.07046103710412657       5.002842414976825E-9
0.07046159951597249       4.998419866498459E-9
0.07051972817898684       4.4819901614912495E-9
0.07057369017846477       4.002578146370696E-9
0.07057829147771096       3.961699043203077E-9
0.07058332567411638       3.916973972475749E-9
0.07063685477643505       3.4414079249149052E-9
0.07068035787946772       3.254518132520347E-9
0.07069447440797129       3.1938733762282525E-9
0.07071381921052465       3.1107678991224442E-9
0.07075209403950752       2.9463388275416014E-9
0.07078002442095317       2.826349612382419E-9
0.07082171133145923       2.6511163452131595E-9
0.07085902513141429       2.5491482578129867E-9
0.07090100225183349       2.4344366313137376E-9
0.07092864691654177       2.358891562451329E-9
0.07098029317220775       2.217756917414316E-9
0.07099826870166925       2.1686348670896735E-9
0.07105079004327355       2.0530982961821344E-9
0.07108604923515859       1.999649558314154E-9
0.07111504334333          1.9556979416003357E-9
0.0711414561253662        1.9156593080428803E-9
0.07118561953042268       1.8441256571382512E-9
0.07121689273167683       1.7934709067103177E-9
0.07126060910945252       1.7226613279964383E-9
0.07130653633802614       1.6747761793886738E-9
0.07132997034310479       1.6503431611004632E-9
0.07135489681447628       1.624354051307396E-9
0.07139443094343734       1.5796445873371746E-9
0.07144524971938067       1.522173225459253E-9
0.07145614244621933       1.50985455318979E-9
0.07153824784419824       1.4429630891040408E-9
0.0715452068723431        1.437223877514227E-9
0.07155680981858834       1.427654759214881E-9
0.07161629565199443       1.3785959283828777E-9
0.07165197310668085       1.3491722132937868E-9
0.07168738443164575       1.3199679792515288E-9
0.07173126994280897       1.2948633407435702E-9
0.07175716180370248       1.2800519419287665E-9
0.07178254945932978       1.2655289729534817E-9
0.07182693917575922       1.2401359046060036E-9
0.07187221048319169       1.2142385234943219E-9
0.07189927497620925       1.197822319132274E-9
0.07207736688330535       1.127994705737524E-9
0.07209951665080616       1.1193100584278876E-9
0.07228868344165268       1.0451401213783192E-9
0.07229975832540309       1.0407977977235012E-9
0.0725                    9.622855370191148E-10
0.07276561773051297       9.051432161825189E-10
0.07302972948045972       8.483248768230774E-10
0.07303123546102597       8.480008953459228E-10
0.07303275002878103       8.476750665075341E-10
0.07329685319153895       7.908585745093269E-10
0.07357201012761373       7.707089890447293E-10
0.07367054815579371       7.634931054524443E-10
0.07387359530095827       7.486240788409407E-10
0.0740442431200485        7.361276363955616E-10
0.0741270578751771        7.300631591194376E-10
0.07441926275978138       7.029987025772556E-10
0.07475106172154689       7.056603868203103E-10
0.07481299991930357       7.061572537307278E-10
0.07500182151854808       7.076719766002124E-10
0.07520480951961925       7.063506490699901E-10
0.07527148523853343       7.059166309874741E-10
0.07559484295022133       7.038117703833584E-10
0.07589570171831717       7.315447362725E-10
0.07597234519595064       7.371602105276253E-10
0.07613382785760534       7.489916377693209E-10
0.07634396457512825       7.643878249432573E-10
0.07644370041453298       7.716952182894839E-10
0.07671558395430586       7.916154393588893E-10
0.0769757064472646        8.490074860068846E-10
0.07697705596953724       8.493052374406138E-10
0.07697839856235356       8.496014599958677E-10
0.07723852798476862       9.069950355223385E-10
0.0775                    9.64684833604063E-10
0.0776845054286159        1.0351842567756153E-9
0.07768477025498083       1.035285446784543E-9
0.07786901085723177       1.1056836799471679E-9
0.07786954050996166       1.1058860599650235E-9
0.07805351628584767       1.17618310311872E-9
0.07805424976630652       1.1766129231448711E-9
0.07813115059902077       1.2192566878069243E-9
0.07820703308093928       1.2613357471186665E-9
0.07820879237452531       1.2623113269531978E-9
0.07821061020630304       1.2633193679299766E-9
0.07828643415002987       1.305365966099472E-9
0.07834046738183276       1.3481981079137757E-9
0.0783575137228297        1.3617107420952642E-9
0.07838676733256092       1.3849000779683877E-9
0.07842859329562954       1.4180555180910577E-9
0.07845296565977687       1.437375490683422E-9
0.07851160885150912       1.4843338039560994E-9
0.07855065936674817       1.5271376225375783E-9
0.07858020743235268       1.5595256725243065E-9
0.07861278218224191       1.5952313136934552E-9
0.0786543128358046        1.638023873481156E-9
0.07868205026152479       1.6666040990896034E-9
0.07873339781428781       1.7195118439255214E-9
0.07877927187392153       1.7942669659782398E-9
0.07881199252425981       1.8475876493712545E-9
0.07887751472124631       1.9543608425875813E-9
0.07888931102766136       1.9724211280116166E-9
0.07889803428995357       1.9857765463334924E-9
0.07896023291410055       2.081003379678861E-9
0.07899962434085984       2.1709495867230064E-9
0.07903631214404308       2.2723688065113215E-9
0.07907304989805193       2.3739261096222284E-9
0.0791154625676447        2.4911710653301E-9
0.07914647545524403       2.5769026325214574E-9
0.07919461299124632       2.709973324148876E-9
0.07922497511886986       2.8432417922836522E-9
0.07926056343816504       3.0016610710023586E-9
0.07929802529009529       3.168420268396169E-9
0.07931951539527597       3.2640821886480384E-9
0.07933993074276816       3.3549598892126373E-9
0.0793784673523869        3.526503306293715E-9
0.07943147052765849       4.0429241777032134E-9
0.0794508080840425        4.23133397895742E-9
0.07946711809051338       4.390245736813944E-9
0.0795231488156981        4.936164651621135E-9
0.0795895802612914        5.583419931073776E-9
0.07959612076026028       5.638953470694468E-9
0.07960192698524064       5.717679003929918E-9
0.07964124226558314       6.205520866264395E-9
0.07967187834366601       6.585667243356859E-9
0.07968743810593625       6.7787398435586135E-9
0.07971769618288412       7.154195810813993E-9
0.07973363394628935       7.351958820852853E-9
0.07974195484563124       7.450315016574244E-9
0.079778747907613         7.885223006297312E-9
0.07981297431306583       8.289792139421267E-9
0.0798234358781957        8.385817275653004E-9
0.07982877890936639       8.4348601568747E-9
0.07986678469314126       8.783709542150395E-9
0.07990926202558706       8.960144960884762E-9
0.07992596236031228       9.029512088729041E-9
0.07998245535715497       9.264163489360605E-9
0.07998514002748332       9.27531463530768E-9
0.07999647538217332       9.322397583696355E-9
0.08003930719076405       9.429276943334216E-9
0.08005095713959977       9.392133031765253E-9
0.0801161769646147        8.791733055179092E-9
0.08012369879996933       8.722488622680671E-9
0.08019326568609544       8.082070516809945E-9
0.08019644046033891       8.052844213596083E-9
0.08024956562786296       7.563785107254276E-9
0.0802692677217345        7.373921856015665E-9
0.08027047144011741       7.3624879395986555E-9
0.08033392397752903       6.580822178914543E-9
0.08033504730951982       6.566983959185217E-9
0.08039843695182879       5.7860929972761906E-9
0.08039962317892224       5.7714799787717786E-9
0.08046294992612854       4.991363815637826E-9
0.08046498483501527       4.975246624376019E-9
0.08052163687990979       4.471613725682619E-9
0.08057350351156506       4.01052283135318E-9
0.08057992841914494       3.953405831705335E-9
0.08058694611320068       3.891018999844008E-9
0.0806382199583801        3.4351979377280523E-9
0.08068042248799097       3.253270646994434E-9
0.0806956183135527        3.187764256728391E-9
0.08071590915920024       3.100294178290246E-9
0.0807530166687253        2.94033057572873E-9
0.08078080650319386       2.8205337450311843E-9
0.08082203483326031       2.6474343783336508E-9
0.08085988461907234       2.5435402089601595E-9
0.08090148317144671       2.429356021299566E-9
0.08092962847873961       2.3520997499569284E-9
0.08098093150963313       2.211277664265484E-9
0.08099937233840686       2.1606592909536973E-9
0.08105133217591746       2.0439349145320193E-9
0.08108556402219846       1.9907214499764956E-9
0.08111534747481117       1.944423021111814E-9
0.08114515409007203       1.898088585870311E-9
0.08118471336177056       1.832413374547085E-9
0.08121141877042114       1.788077791982131E-9
0.08125874130827031       1.7095142204057995E-9
0.08131064775836694       1.6532316378735457E-9
0.0813300331155804        1.6322119386790644E-9
0.08135138626159417       1.6090585502156619E-9
0.08139489772643768       1.5579970503772313E-9
0.08144798215580253       1.4957015015791235E-9
0.08145701414860201       1.4851022928296573E-9
0.08153897481501492       1.4144647457382964E-9
0.08154769494641063       1.4069454225967237E-9
0.08156389593448486       1.3929753963419915E-9
0.08161839211321613       1.345983629903396E-9
0.08164772451176638       1.3206904579077158E-9
0.08168908928002162       1.285021837210068E-9
0.08174263055341552       1.2522472845302459E-9
0.08176110251832143       1.2409399257669443E-9
0.08178045154255853       1.229095687220423E-9
0.08183311575662125       1.196858014323821E-9
0.08188339278878802       1.1660816219281344E-9
0.08190775725819116       1.1504499868035386E-9
0.08208415455454952       1.0728346697371293E-9
0.08210517150546078       1.0635871509688654E-9
0.08229207727727476       9.813480745183244E-10
0.08230258575273039       9.767243151341927E-10
0.08249999999999999       8.898614792995193E-10
0.08277143320224255       8.188607002354832E-10
0.08303716421407843       7.493514850549344E-10
0.08304286640448509       7.478599211714472E-10
0.08304869095537654       7.463363505560069E-10
0.08331429960672763       6.768591421074113E-10
0.08373443289912655       6.218545788323419E-10
0.08374089201492205       6.210089404363801E-10
0.08374713567004742       6.201915105168158E-10
0.08416748442311645       5.651587387653488E-10
0.0845860903829602        5.103541364590795E-10
0.08459327384602028       5.092994931787678E-10
0.08459897876350767       5.088867999523374E-10
0.08511023258631115       4.668587324147432E-10
0.08556062860094285       4.298335342112258E-10
0.08562647732816633       4.244203820125048E-10
0.08570279899472184       4.1814629267858584E-10
0.08614272207002154       3.819820316102663E-10
0.08674597558944741       3.5717311962012486E-10
0.08695409059139533       3.486143518700956E-10
0.08718958241172696       3.389297074264699E-10
0.08776545911276912       3.152466721299248E-10
0.08827438796044788       2.943168796219213E-10
0.08854074242522268       2.822390197302929E-10
0.08881037772755807       2.760647900747954E-10
0.08962714647903365       2.5516945704309166E-10
0.09032993540621621       2.3719006121294575E-10
0.09068012358149999       2.2823122368016848E-10
0.0910871060304903        2.1781942254998595E-10
0.09173310068396634       2.0129299031724508E-10
0.09272648462210895       1.891061702254266E-10
0.09358208855693041       1.7860963326408088E-10
0.09453967529411306       1.668619727269311E-10
0.09543107642989448       1.5592627621091668E-10
0.09622754351706703       1.4615522925944799E-10
0.09712998660177649       1.3388644833671646E-10
0.09761134777333318       1.3037016232119443E-10
0.09948827619716208       1.1816838060848467E-10
0.10057797787989031       1.1108430542702513E-10
0.10202414751776806       1.0168285675327356E-10
0.10354460798644743       9.179844853285578E-11
0.10456001883837404       8.519733289806245E-11
0.10583684961279635       7.918616287144203E-11
0.10752397749317125       7.377894186402972E-11
0.10798571376135759       7.229908365158254E-11
0.10845340567120379       7.080013769180426E-11
0.11032232304822491       6.426095797032101E-11
0.11181455426119788       5.903977044881028E-11
0.11271116189270486       5.5902618151889174E-11
0.113779789817791         5.369564456515755E-11
0.11537710264836504       5.039680954122698E-11
0.117112004555846         4.681381999407273E-11
0.11799566115251461       4.487619255727181E-11
0.11857006137996812       4.36166833264071E-11
0.12052592735963785       3.9327981585028295E-11
0.12266972986075869       3.6456638669234533E-11
0.1233675169408508        3.5454978120498316E-11
0.12446161662237161       3.388441810494231E-11
0.12598944206503399       3.169125271834855E-11
0.1269638476631088        3.029251136313396E-11
0.12861136718921715       2.7927527316198786E-11
0.13062715223740834       2.601532669839543E-11
0.13103989902641994       2.5623789582048356E-11
0.13139466476405193       2.528725406538497E-11
0.13346843086362276       2.332005184789792E-11
0.13588112241741326       2.1031340418141572E-11
0.13589911605777816       2.101411719886871E-11
0.1359207060222432        2.0997514733358254E-11
0.13815170770769758       1.9224632903266476E-11
0.13992691749776193       1.7813949441247884E-11
0.1404077650947171        1.743184037640801E-11
0.141012072149161         1.695162334940848E-11
0.14266382248173665       1.5639047849549547E-11
0.14446084522758668       1.450174479725683E-11
0.14510921498782442       1.4091403353869096E-11
0.1456217038012401        1.3767058493399444E-11
0.1475546074939122        1.2543758858188645E-11
0.15                      1.0996114362508194E-11
