% Model:              2d_displacement.mph
% Version:            COMSOL 5.6.0.401
% Date:               Oct 16 2025, 12:17
% Dimension:          1
% Nodes:              541
% Expressions:        1
% Description:        Line graph
% R                       Height
0                         4.218034690513987E-9
1.6666666666666655E-4     4.1776394472806705E-9
3.333333333333331E-4      4.113535908197621E-9
4.999999999999997E-4      4.025493814528188E-9
6.666666666666662E-4      3.913351069833857E-9
8.333333333333328E-4      3.777011390519746E-9
9.999999999999994E-4      3.616448089251109E-9
0.001166666666666666      3.4293860020688294E-9
0.0013333333333333324     3.2426169797532995E-9
0.001499999999999999      3.055920309260297E-9
0.0016666666666666655     2.869076519903163E-9
0.001833333333333332      2.6818677856983724E-9
0.0019999999999999983     2.494078318536942E-9
0.002166666666666665      2.323310895239212E-9
0.002333333333333332      2.1637519934664808E-9
0.0024999999999999983     2.015232036255148E-9
0.0026666666666666644     1.8775689440719194E-9
0.0028333333333333314     1.7505742117481383E-9
0.002999999999999998      1.634062613865131E-9
0.0031666666666666644     1.5357731020097496E-9
0.003333333333333331      1.4450852730875054E-9
0.0034999999999999975     1.3619532229838306E-9
0.003666666666666664      1.2863313777248623E-9
0.0038333333333333305     1.2181774244048622E-9
0.003999999999999997      1.1574561148475725E-9
0.004166666666666663      1.104661570484469E-9
0.00433333333333333       1.0554288501480248E-9
0.004499999999999996      1.0097517277533435E-9
0.004666666666666663      9.67624397544159E-10
0.004833333333333329      9.290417994496481E-10
0.004999999999999996      8.939999955739178E-10
0.005166666666666662      8.621649247416231E-10
0.005333333333333329      8.320631107332628E-10
0.005499999999999995      8.036933615644848E-10
0.005666666666666661      7.77054561928586E-10
0.005833333333333328      7.521457133332468E-10
0.005999999999999994      7.289659791478623E-10
0.0061666666666666614     7.074166420618432E-10
0.006333333333333327      6.868584983282786E-10
0.006499999999999994      6.672911858804704E-10
0.00666666666666666       6.487143566153551E-10
0.0068333333333333275     6.311276840222085E-10
0.006999999999999993      6.145308717080477E-10
0.007166666666666661      5.98876634761946E-10
0.007333333333333326      5.838502661069833E-10
0.007499999999999993      5.69451600280975E-10
0.007666666666666659      5.556804757550035E-10
0.007833333333333328      5.425367373239722E-10
0.007999999999999993      5.300202387655447E-10
0.00816666666666666       5.18110012600032E-10
0.008333333333333326      5.066242421665033E-10
0.008499999999999994      4.955628409374353E-10
0.00866666666666666       4.849257231471138E-10
0.008833333333333327      4.747128046470131E-10
0.008999999999999992      4.649240038586518E-10
0.00916666666666666       4.555454958168481E-10
0.009333333333333325      4.464686602047073E-10
0.009499999999999991      4.3769344452312035E-10
0.009666666666666658      4.29219796295126E-10
0.009833333333333326      4.210476634441069E-10
0.009999999999999992      4.131769947149045E-10
0.010166666666666659      4.055997195372239E-10
0.010333333333333325      3.9824423983621935E-10
0.01049999999999999       3.911105214988893E-10
0.010666666666666658      3.841985301708064E-10
0.010833333333333323      3.775082314351E-10
0.010999999999999989      3.710395910122947E-10
0.011166666666666656      3.647867051498296E-10
0.011333333333333322      3.587020518190336E-10
0.011499999999999988      3.527856068386871E-10
0.011666666666666655      3.4703734576318623E-10
0.011833333333333319      3.41457243980053E-10
0.011999999999999986      3.3604527681883413E-10
0.012166666666666652      3.3079780434649116E-10
0.012333333333333321      3.256809681420162E-10
0.012499999999999985      3.20694751131744E-10
0.012666666666666652      3.158391359669127E-10
0.012833333333333318      3.111141050744518E-10
0.012999999999999984      3.065196407140862E-10
0.01316666666666665       3.020523376639877E-10
0.013333333333333317      2.97688558047328E-10
0.013499999999999983      2.934282886126233E-10
0.013666666666666648      2.8927151587647443E-10
0.013833333333333316      2.8521822615517683E-10
0.013999999999999981      2.81268405600267E-10
0.014166666666666649      2.774199125037907E-10
0.014333333333333313      2.736548054575315E-10
0.014499999999999978      2.6997307425207146E-10
0.014666666666666644      2.6637470847463167E-10
0.01483333333333331       2.628596975278566E-10
0.014999999999999977      2.594280306510652E-10
0.015166666666666643      2.560778046982751E-10
0.01533333333333331       2.527957570331136E-10
0.015499999999999976      2.495818792144493E-10
0.01566666666666664       2.464361626329055E-10
0.015833333333333307      2.4335859852386533E-10
0.015999999999999973      2.4034917798216716E-10
0.016166666666666638      2.374068259638389E-10
0.016333333333333307      2.345209617026923E-10
0.01649999999999997       2.3169157851731032E-10
0.01666666666666664       2.2891866957933385E-10
0.016833333333333304      2.2620222792132062E-10
0.01699999999999997       2.235422464457202E-10
0.017166666666666636      2.209376304265238E-10
0.0173333333333333        2.1838030572725912E-10
0.01749999999999997       2.158702665990504E-10
0.017666666666666633      2.1340750717017608E-10
0.017833333333333302      2.109920214519202E-10
0.017999999999999967      2.0862380334523828E-10
0.018166666666666633      2.0630242683015194E-10
0.018333333333333302      2.040210316595181E-10
0.018499999999999964      2.017796130132753E-10
0.018666666666666634      1.9957816596547936E-10
0.0188333333333333        1.974166854882667E-10
0.018999999999999965      1.9529516645640008E-10
0.01916666666666663       1.9321318737620842E-10
0.019333333333333296      1.9116538593440852E-10
0.019499999999999962      1.8915175796823493E-10
0.019666666666666627      1.8717229922399526E-10
0.019833333333333293      1.8522700535997493E-10
0.01999999999999996       1.8331587194977733E-10
0.020166666666666624      1.8143859545106908E-10
0.02033333333333329       1.795907229951699E-10
0.020499999999999956      1.7777225099855562E-10
0.02066666666666662       1.7598317579868341E-10
0.020833333333333287      1.7422349365604781E-10
0.020999999999999953      1.7249320075656224E-10
0.02116666666666662       1.7079199400311727E-10
0.021333333333333288      1.691163020402867E-10
0.021499999999999953      1.6746612171155684E-10
0.02166666666666662       1.6584144979169094E-10
0.021833333333333284      1.6424228298828627E-10
0.02199999999999995       1.626686179435827E-10
0.022166666666666616      1.6112024416242102E-10
0.022333333333333285      1.5959412636997135E-10
0.022499999999999947      1.58090261798416E-10
0.022666666666666616      1.5660864761958885E-10
0.022833333333333282      1.5514928094610664E-10
0.022999999999999948      1.5371215883269457E-10
0.023166666666666617      1.522970880849238E-10
0.023333333333333282      1.5090156834750063E-10
0.023499999999999948      1.4952559713542225E-10
0.023666666666666614      1.481691719106275E-10
0.02383333333333328       1.4683229008288961E-10
0.023999999999999945      1.4551494901086383E-10
0.02416666666666661       1.4421705252045392E-10
0.02433333333333328       1.4293640899758568E-10
0.024499999999999942      1.4167301623965283E-10
0.02466666666666661       1.4042687199694086E-10
0.024833333333333277      1.3919797397327687E-10
0.024999999999999942      1.3798631982680213E-10
0.02516666666666661       1.3679179893741917E-10
0.025333333333333274      1.3561259873799883E-10
0.02549999999999994       1.3444871723990266E-10
0.025666666666666605      1.3330015241254313E-10
0.025833333333333274      1.3216690218389009E-10
0.025999999999999936      1.31048964441076E-10
0.026166666666666605      1.2994626246231285E-10
0.026333333333333268      1.2885721391486426E-10
0.026499999999999937      1.2778181701219482E-10
0.0266666666666666        1.2672006993017921E-10
0.026833333333333268      1.2567197080747547E-10
0.026999999999999934      1.2463751774597805E-10
0.0271666666666666        1.2361663270380764E-10
0.02733333333333327       1.2260797989599476E-10
0.02749999999999993       1.2161155769086458E-10
0.0276666666666666        1.2062736442295244E-10
0.027833333333333262      1.1965539839329933E-10
0.02799999999999993       1.1869565786981343E-10
0.028166666666666597      1.177481086670635E-10
0.028333333333333266      1.1681155140536064E-10
0.02849999999999993       1.1588598460781138E-10
0.028666666666666594      1.1497140676697159E-10
0.028833333333333263      1.1406781634505943E-10
0.02899999999999993       1.1317521177422271E-10
0.029166666666666594      1.1229355193272044E-10
0.029333333333333263      1.1142181716022486E-10
0.029499999999999926      1.1056000610360138E-10
0.029666666666666595      1.0970811738198101E-10
0.02983333333333326       1.0886614958692125E-10
0.029999999999999926      1.0803410128261243E-10
0.03016666666666659       1.0721194906073331E-10
0.030333333333333257      1.0639878158255182E-10
0.030499999999999923      1.05594597614346E-10
0.03066666666666659       1.0479939589710455E-10
0.030833333333333254      1.0401317514663658E-10
0.03099999999999992       1.0323593405371909E-10
0.031166666666666586      1.0246764017185378E-10
0.031333333333333255      1.017075158997362E-10
0.031499999999999924      1.0095556010197992E-10
0.031666666666666586      1.0021177162003965E-10
0.03183333333333325       9.947614927228711E-11
0.03199999999999992       9.874869185411892E-11
0.032166666666666587      9.802937743179564E-11
0.03233333333333325       9.731750554630831E-11
0.03249999999999991       9.661307515620201E-11
0.03266666666666658       9.591608519873943E-11
0.03283333333333325       9.522653458994413E-11
0.03299999999999991       9.454442222467068E-11
0.03316666666666658       9.386972422162355E-11
0.03333333333333325       9.320183235893558E-11
0.03349999999999991       9.254074567519929E-11
0.033666666666666574      9.18864631893638E-11
0.03383333333333325       9.123898390075488E-11
0.03399999999999991       9.059830678911793E-11
0.03416666666666658       8.996441581156273E-11
0.034333333333333244      8.933676147496197E-11
0.03449999999999991       8.871534290030091E-11
0.034666666666666575      8.810015919037646E-11
0.034833333333333244      8.749120942979055E-11
0.034999999999999906      8.688849268496291E-11
0.035166666666666575      8.629198816906303E-11
0.03533333333333324       8.57012150445519E-11
0.03549999999999991       8.511617249652667E-11
0.035666666666666576      8.45368596931764E-11
0.03583333333333324       8.396327578576064E-11
0.03599999999999991       8.339541990860455E-11
0.036166666666666576      8.283328844577884E-11
0.03633333333333324       8.227643489850216E-11
0.0364999999999999        8.172485851946603E-11
0.03666666666666657       8.117855854560022E-11
0.03683333333333323       8.063753419803304E-11
0.0369999999999999        8.01017846820656E-11
0.03716666666666656       7.957130024366641E-11
0.03733333333333324       7.904569025736425E-11
0.0374999999999999        7.852495403141024E-11
0.037666666666666564      7.800909085929915E-11
0.03783333333333323       7.749810001971787E-11
0.037999999999999895      7.699198077650599E-11
0.038166666666666564      7.649073418874258E-11
0.03833333333333323       7.599399534047434E-11
0.038499999999999895      7.550176359892538E-11
0.038666666666666565      7.501403831748372E-11
0.03883333333333323       7.453081883563532E-11
0.038999999999999896      7.40521044789083E-11
0.039166666666666565      7.357789725962434E-11
0.03933333333333323       7.310786916184523E-11
0.03949999999999989       7.264201960260861E-11
0.03966666666666656       7.2180347985926E-11
0.03983333333333323       7.172285370270686E-11
0.03999999999999989       7.126953613069131E-11
0.04016666666666656       7.082040739883625E-11
0.04033333333333323       7.037515944277626E-11
0.04049999999999989       6.993379173128571E-11
0.04066666666666655       6.949630372085798E-11
0.04083333333333323       6.906269485561815E-11
0.04099999999999989       6.863296456724323E-11
0.04116666666666656       6.820712088221116E-11
0.04133333333333323       6.778488891872495E-11
0.04149999999999989       6.736626819029293E-11
0.04166666666666655       6.695125819880049E-11
0.041833333333333216      6.653985843441469E-11
0.041999999999999885      6.613206837549506E-11
0.04216666666666655       6.572789677036552E-11
0.042333333333333216      6.532709418954047E-11
0.04249999999999988       6.492966019844908E-11
0.04266666666666655       6.453559435152951E-11
0.042833333333333216      6.414489619212231E-11
0.04299999999999988       6.375756525236884E-11
0.04316666666666655       6.337358657656774E-11
0.04333333333333322       6.299275768085355E-11
0.04349999999999988       6.261507817448918E-11
0.04366666666666655       6.224054765629793E-11
0.04383333333333321       6.186916571454882E-11
0.04399999999999988       6.150093192684623E-11
0.04416666666666654       6.113581969168732E-11
0.04433333333333322       6.077365265599645E-11
0.04449999999999988       6.041443046768904E-11
0.04466666666666654       6.005815276474447E-11
0.04483333333333321       5.97048191750857E-11
0.04499999999999987       5.935442931646214E-11
0.04516666666666654       5.900696081448265E-11
0.04533333333333321       5.86622491248357E-11
0.045499999999999874      5.832029393450101E-11
0.04566666666666654       5.7981094921001604E-11
0.045833333333333205      5.764465175227747E-11
0.045999999999999874      5.7310964086561686E-11
0.04616666666666654       5.6980020900454906E-11
0.046333333333333206      5.6651662005674164E-11
0.04649999999999987       5.6325887130790514E-11
0.04666666666666653       5.600269599538847E-11
0.046833333333333206      5.56820883099332E-11
0.04699999999999987       5.5364063775639554E-11
0.04716666666666654       5.504861658699354E-11
0.0473333333333332        5.473559614284068E-11
0.04749999999999987       5.442500221548248E-11
0.04766666666666653       5.411683456869827E-11
0.04783333333333319       5.381109295760578E-11
0.04799999999999986       5.350777712852281E-11
0.04816666666666653       5.3206880606265685E-11
0.048333333333333194      5.2908265836701973E-11
0.04849999999999986       5.2611932634967216E-11
0.04866666666666653       5.231788080812042E-11
0.048833333333333194      5.2026110154998574E-11
0.04899999999999986       5.173662046607186E-11
0.049166666666666525      5.144940587808301E-11
0.049333333333333194      5.116433883667889E-11
0.04949999999999986       5.0881419200800615E-11
0.049666666666666526      5.06006468217594E-11
0.049833333333333195      5.032202154308544E-11
0.04999999999999986       5.0045543200376855E-11
0.050166666666666526      4.9771206607967796E-11
0.050333333333333195      4.9498895529174236E-11
0.05049999999999986       4.922860987664808E-11
0.05066666666666653       4.896034955593581E-11
0.05083333333333319       4.869411446532052E-11
0.05099999999999986       4.842990449566333E-11
0.05116666666666652       4.816771039357106E-11
0.051333333333333196      4.790742354438006E-11
0.05149999999999985       4.764904389845232E-11
0.05166666666666652       4.739257139943796E-11
0.05183333333333318       4.7138005984113916E-11
0.051999999999999845      4.688534758222181E-11
0.052166666666666514      4.663461099601934E-11
0.05233333333333318       4.638567372733728E-11
0.052499999999999845      4.6138535778452756E-11
0.05266666666666651       4.5893197145452776E-11
0.05283333333333317       4.564965781806817E-11
0.05299999999999984       4.540791777950603E-11
0.05316666666666651       4.516799285927133E-11
0.05333333333333318       4.492976879720451E-11
0.05349999999999984       4.469324564727249E-11
0.05366666666666651       4.445842345776136E-11
0.05383333333333317       4.4225302271105836E-11
0.05399999999999984       4.3993882123716745E-11
0.05416666666666651       4.3764180855322385E-11
0.05433333333333318       4.353608842192308E-11
0.05449999999999983       4.3309604934753106E-11
0.05466666666666651       4.308473049993962E-11
0.054833333333333165      4.286146521832787E-11
0.054999999999999834      4.263980918530392E-11
0.055166666666666496      4.241977674327414E-11
0.05533333333333317       4.220126823057983E-11
0.055499999999999834      4.1984283817254934E-11
0.055666666666666496      4.1768823668811004E-11
0.05583333333333317       4.155488794605842E-11
0.055999999999999835      4.134247680492462E-11
0.056166666666666504      4.113160394420166E-11
0.056333333333333166      4.092217508543524E-11
0.056499999999999835      4.0714190463137503E-11
0.0566666666666665        4.050765030795448E-11
0.05683333333333316       4.0302554846483654E-11
0.05699999999999983       4.009890430108808E-11
0.0571666666666665        3.989671034061777E-11
0.05733333333333316       3.969588613854074E-11
0.05749999999999982       3.9496431997105916E-11
0.057666666666666484      3.9298348215384466E-11
0.05783333333333316       3.9101635089083965E-11
0.05799999999999982       3.890629291035858E-11
0.05816666666666649       3.871233391589336E-11
0.05833333333333316       3.8519675168224936E-11
0.05849999999999982       3.832831704696184E-11
0.058666666666666485      3.813825992934649E-11
0.058833333333333154      3.794950419006616E-11
0.05899999999999982       3.776205020105963E-11
0.05916666666666649       3.7575907756845546E-11
0.05933333333333316       3.739100029209038E-11
0.059499999999999824      3.720732826670355E-11
0.059666666666666486      3.702489213906791E-11
0.05983333333333315       3.6843692365847946E-11
0.05999999999999982       3.666372940179312E-11
0.060166666666666486      3.648501526863371E-11
0.060333333333333156      3.6307474881968905E-11
0.06049999999999982       3.6131108792250406E-11
0.06066666666666649       3.5955917549375067E-11
0.06083333333333315       3.578190170249066E-11
0.06099999999999982       3.5609061799796276E-11
0.06116666666666649       3.543740879333005E-11
0.061333333333333157      3.5266872452311305E-11
0.06149999999999981       3.50974534236925E-11
0.06166666666666649       3.492915235490233E-11
0.06183333333333314       3.4761969893649206E-11
0.06199999999999981       3.459590668771871E-11
0.062166666666666474      3.4430975083021486E-11
0.06233333333333315       3.4267106653901795E-11
0.06249999999999981       3.410430215636531E-11
0.06266666666666648       3.394256234808772E-11
0.06283333333333316       3.3781887988216266E-11
0.06299999999999982       3.3622279837164676E-11
0.0631666666666665        3.346374895015461E-11
0.06333333333333316       3.3306230989624584E-11
0.06349999999999982       3.3149726828053753E-11
0.06366666666666648       3.2994237340860274E-11
0.06383333333333316       3.283976340620094E-11
0.06399999999999982       3.2686305904763645E-11
0.06416666666666648       3.2533877967264036E-11
0.06433333333333315       3.238241597921821E-11
0.06449999999999982       3.223192094450705E-11
0.06466666666666647       3.2082393871410586E-11
0.06483333333333315       3.193383577240627E-11
0.06499999999999981       3.1786247663959136E-11
0.06516666666666647       3.1639641130795265E-11
0.06533333333333315       3.149395674376646E-11
0.0654999999999998        3.1349195648554114E-11
0.06566666666666647       3.1205358996803074E-11
0.06583333333333313       3.106244794591806E-11
0.0659999999999998        3.0920463658851423E-11
0.06616666666666646       3.077941815191771E-11
0.06633333333333313       3.063925398843793E-11
0.0664999999999998        3.0499972473889163E-11
0.06666666666666646       3.03615749215039E-11
0.06683333333333313       3.022406265206494E-11
0.0669999999999998        3.008743699369069E-11
0.06716666666666647       2.995170802074357E-11
0.06733333333333313       2.9816822064885425E-11
0.0674999999999998        2.968278060270995E-11
0.06766666666666646       2.954958512046188E-11
0.06783333333333313       2.9417237113829864E-11
0.0679999999999998        2.9285738087728726E-11
0.06816666666666646       2.915510018174504E-11
0.06833333333333312       2.9025269757995056E-11
0.0684999999999998        2.8896248484686325E-11
0.06866666666666645       2.8768038041821266E-11
0.06883333333333312       2.8640640120987707E-11
0.06899999999999978       2.8514056425137824E-11
0.06916666666666646       2.8388297853388768E-11
0.06933333333333312       2.826331389027668E-11
0.06949999999999978       2.813910641054781E-11
0.06966666666666645       2.8015677303016844E-11
0.06983333333333312       2.7893028470353686E-11
0.06999999999999978       2.777116182885744E-11
0.07016666666666645       2.765009012948529E-11
0.07033333333333312       2.7529762795480113E-11
0.07049999999999979       2.7410181930051986E-11
0.07066666666666645       2.729134965299108E-11
0.07083333333333312       2.7173268100449335E-11
0.07099999999999979       2.705593942470788E-11
0.07116666666666645       2.6939374087207267E-11
0.07133333333333312       2.6823525669852382E-11
0.07149999999999979       2.6708396522856195E-11
0.07166666666666645       2.6593989015667887E-11
0.07183333333333312       2.6480305536746355E-11
0.07199999999999979       2.6367348493317854E-11
0.07216666666666645       2.6255128671141307E-11
0.07233333333333312       2.6143600559508472E-11
0.07249999999999977       2.6032766779750716E-11
0.07266666666666645       2.5922629975331654E-11
0.07283333333333311       2.5813192811609836E-11
0.07299999999999977       2.5704457975583758E-11
0.07316666666666644       2.5596434898458395E-11
0.07333333333333311       2.5489081069591994E-11
0.07349999999999977       2.5382399402067912E-11
0.07366666666666644       2.5276392834122025E-11
0.07383333333333311       2.5171064328889402E-11
0.07399999999999977       2.506641687413099E-11
0.07416666666666645       2.496246031949369E-11
0.07433333333333311       2.4859153002982178E-11
0.07449999999999977       2.475649815465169E-11
0.07466666666666644       2.465449903291668E-11
0.07483333333333311       2.4553158924275583E-11
0.07499999999999978       2.445248114301305E-11
0.07516666666666644       2.4352473578815593E-11
0.0753333333333331        2.425309796021845E-11
0.07549999999999978       2.41543578546382E-11
0.07566666666666642       2.4056256861098348E-11
0.0758333333333331        2.3958798609923245E-11
0.07599999999999976       2.386198676240639E-11
0.07616666666666642       2.3765829398411405E-11
0.0763333333333331        2.367028934379543E-11
0.07649999999999976       2.3575370528259993E-11
0.07666666666666642       2.348107691644404E-11
0.0768333333333331        2.3387412507576404E-11
0.07699999999999976       2.329438133509907E-11
0.07716666666666643       2.320198837443605E-11
0.0773333333333331        2.311020066001535E-11
0.07749999999999976       2.3019022499541037E-11
0.07766666666666643       2.2928458238846903E-11
0.0778333333333331        2.2838512261493482E-11
0.07799999999999976       2.274918898833186E-11
0.07816666666666644       2.266049421759063E-11
0.0783333333333331        2.257239543488674E-11
0.07849999999999975       2.248489734551282E-11
0.07866666666666643       2.2398004695947865E-11
0.07883333333333309       2.2311722273381807E-11
0.07899999999999975       2.222605490520209E-11
0.07916666666666643       2.214100429881927E-11
0.07933333333333309       2.205654315209384E-11
0.07949999999999975       2.197267657336563E-11
0.07966666666666643       2.1889409714763116E-11
0.07983333333333308       2.1806747771634555E-11
0.07999999999999975       2.1724695981935814E-11
0.08016666666666641       2.1643255925025627E-11
0.08033333333333309       2.1562401710665413E-11
0.08049999999999975       2.1482138855939375E-11
0.08066666666666641       2.140247292379866E-11
0.08083333333333309       2.132340952237448E-11
0.08099999999999975       2.1244954304242063E-11
0.08116666666666643       2.1167102684448033E-11
0.08133333333333309       2.108983579099047E-11
0.08149999999999975       2.1013159530111014E-11
0.08166666666666643       2.0937079855000746E-11
0.08183333333333309       2.086160276496896E-11
0.08199999999999975       2.0786734304556588E-11
0.08216666666666643       2.07124712446841E-11
0.08233333333333308       2.0638794687098252E-11
0.08249999999999975       2.0565710908204322E-11
0.0826666666666664        2.0493226231382237E-11
0.08283333333333308       2.042134702598174E-11
0.08299999999999974       2.035007970625595E-11
0.0831666666666664        2.027941369622215E-11
0.08333333333333308       2.0209339163414506E-11
0.08349999999999974       2.0139862695243145E-11
0.0836666666666664        2.0070990924305864E-11
0.08383333333333308       2.000273052717873E-11
0.08399999999999974       1.993508822313926E-11
0.0841666666666664        1.9868045982316428E-11
0.08433333333333308       1.9801602525726984E-11
0.08449999999999974       1.973576465953472E-11
0.0846666666666664        1.9670539231101305E-11
0.08483333333333308       1.9605933127550952E-11
0.08499999999999974       1.9541953274263398E-11
0.08516666666666642       1.9478576759682253E-11
0.08533333333333308       1.9415808700779618E-11
0.08549999999999973       1.9353655990493886E-11
0.0856666666666664        1.929212555628367E-11
0.08583333333333307       1.923122435845645E-11
0.08599999999999973       1.917095938842377E-11
0.0861666666666664        1.911130394488908E-11
0.08633333333333307       1.9052269940891247E-11
0.08649999999999973       1.899386416477556E-11
0.0866666666666664        1.893609342927281E-11
0.08683333333333305       1.8878964569597122E-11
0.08699999999999973       1.882248444147243E-11
0.08716666666666639       1.8766616676440434E-11
0.08733333333333307       1.871138841942459E-11
0.08749999999999973       1.8656806061889115E-11
0.08766666666666639       1.860287600484933E-11
0.08783333333333307       1.8549604656772285E-11
0.08799999999999973       1.8496998431414303E-11
0.08816666666666641       1.8445019899809473E-11
0.08833333333333307       1.839370790048702E-11
0.08849999999999973       1.8343068089402684E-11
0.0886666666666664        1.8293106111956274E-11
0.08883333333333306       1.8243827600756417E-11
0.08899999999999972       1.819523817333793E-11
0.08916666666666644       1.8147311881185447E-11
0.08933333333333315       1.8100100430560104E-11
0.08949999999999987       1.805360852504329E-11
0.08966666666666658       1.8007840831683943E-11
0.08983333333333329       1.7962801978650246E-11
0.09000000000000001       1.7918496552856614E-11
