% Model:              etm_deformation.mph
% Version:            COMSOL 5.6.0.401
% Date:               Oct 14 2025, 14:53
% Dimension:          2
% Nodes:              308
% Expressions:        1
% Description:        Line
% cpl1x                   cpl1y                    Color
0                         -0.09                    0
0.0033333333333333322     -0.09                    1.0410806594098233E-20
0.006666666666666668      -0.09000000000000001     1.9255938869628728E-20
0.009999999999999998      -0.08999999999999998     2.6577664117115455E-20
0.02                      -0.09                    4.2524510520942037E-20
0.016666666666666666      -0.09000000000000001     3.7933433347516246E-20
0.013333333333333332      -0.08999999999999998     3.26142171353518E-20
0.023333333333333334      -0.09                    4.6421620413875485E-20
0.026666666666666675      -0.09000000000000001     4.966285592391071E-20
0.03                      -0.09                    5.224400916750206E-20
0.03333333333333333       -0.09000000000000001     5.4128940385722393E-20
0.03666666666666666       -0.08999999999999998     5.534280809321076E-20
0.039999999999999994      -0.09                    5.588386468207225E-20
0.04333333333333333       -0.09                    5.569805557216425E-20
0.04666666666666667       -0.09000000000000001     5.48092886323829E-20
0.049999999999999996      -0.09                    5.322295574857517E-20
0.05333333333333332       -0.09                    5.092730464531431E-20
0.05666666666666667       -0.09000000000000001     4.798738718467537E-20
0.05999999999999999       -0.09                    4.4445039480499295E-20
0.06333333333333332       -0.09                    4.0402202372185125E-20
0.06666666666666667       -0.09000000000000002     3.609680039534475E-20
0.06999999999999999       -0.09000000000000001     3.1799582608056914E-20
0.07333333333333332       -0.09                    2.8187013465241335E-20
0.07666666666666667       -0.09000000000000001     2.602951570218274E-20
0.07999999999999999       -0.09                    2.6149166068694435E-20
0.08333333333333333       -0.09                    2.8975278880195396E-20
0.08666666666666667       -0.09000000000000001     3.3956457958798604E-20
0.09                      -0.09                    4.041404902389422E-20
0.09333333333333334       -0.09                    4.762965183130852E-20
0.09666666666666669       -0.09000000000000001     5.515352391034897E-20
0.1                       -0.09                    6.28254258102126E-20
0.009999999999999998      0.08999999999999998      2.6283215445900183E-20
0.006666666666666666      0.09                     1.9395132557693428E-20
0.003333333333333334      0.09000000000000001      1.0659428803914232E-20
0                         0.09                     0
0.02                      0.09                     4.222158976452056E-20
0.016666666666666666      0.09                     3.763048667906988E-20
0.013333333333333336      0.09000000000000001      3.231536207312482E-20
0.03                      0.09                     5.179145799565757E-20
0.02666666666666667       0.09                     4.9265132397519575E-20
0.023333333333333338      0.09000000000000001      4.6073521191560063E-20
0.039999999999999994      0.09                     5.532647429659942E-20
0.03666666666666666       0.09                     5.482209006028842E-20
0.03333333333333334       0.09000000000000001      5.3643187080676033E-20
0.049999999999999996      0.09                     5.258868130446339E-20
0.04666666666666666       0.09                     5.419551879775483E-20
0.043333333333333335      0.09000000000000001      5.510986767851875E-20
0.05999999999999999       0.09                     4.3740775330474784E-20
0.05666666666666665       0.09                     4.7306773877282783E-20
0.05333333333333334       0.09000000000000001      5.027017058438747E-20
0.06999999999999999       0.09000000000000001      3.1163469771695076E-20
0.06666666666666665       0.09                     3.54139173834319E-20
0.06333333333333332       0.09000000000000001      3.969744688426912E-20
0.07999999999999999       0.09                     2.574036506300576E-20
0.07666666666666666       0.09                     2.5498471081732985E-20
0.07333333333333333       0.09000000000000002      2.7581427986880775E-20
0.09                      0.09                     4.03905653876427E-20
0.08666666666666666       0.09                     3.3858189539077104E-20
0.08333333333333334       0.09000000000000001      2.875313478845575E-20
0.1                       0.09                     6.28525172486876E-20
0.09666666666666668       0.09                     5.515852535641421E-20
0.09333333333333335       0.09000000000000001      4.762034317666436E-20
0                         -0.08355522662726543     0
0                         -0.08462917666846187     0
0                         -0.08539632763553653     0
0                         -0.08731458833423092     0
0                         -0.08194376500269278     0
0                         -0.07916290961671046     0
0                         -0.08044688138441461     0
0                         -0.07804909373824948     0
0                         -0.07638205423072812     0
0                         -0.07446034373557661     0
0                         -0.07368645777414853     0
0                         -0.07305838132453628     0
0                         -0.07070228021869568     0
0                         -0.06863932632991818     0
0                         -0.06780594105166313     0
0                         -0.06685413113173727     0
0                         -0.06490960188463056     0
0                         -0.058264906307719515    2.5444601365612976E-36
0                         -0.057487545029283056    1.9491097802070757E-36
0                         -0.05937401415643602     2.5452245460524802E-36
0                         -0.061587254096175034    2.3089255537840112E-36
0                         -0.0631384892001671      1.535774940147404E-36
0                         -0.04610969253910138     2.556833692782568E-36
0                         -0.0480558393977851      3.0460927173169796E-36
0                         -0.049098933920863265    2.070905489231035E-36
0                         -0.050512946061545175    2.086540384282303E-36
0                         -0.054780412231444385    0
0                         -0.05198567708592834     7.558439846252681E-37
0                         -0.05279773292446466     7.054670529786214E-37
0                         -0.04354718604304113     0
0                         -0.04285827479982608     0
0                         -0.04421664121235171     0
0                         0.08328926405191492      1.0715058809610266E-36
0                         0.08410212103784805      4.584557059997055E-37
0                         0.08473933415644944      4.806394772378066E-37
0                         0.08705106051892401      1.4043726819568177E-36
0                         0.08115318155677206      2.3627898207122104E-36
0                         -0.03377184084189742     2.625694101869279E-36
0                         -0.032601374540718625    2.387429133094294E-36
0                         -0.03139623382319714     2.4025394941625764E-36
0                         -0.02994774045081408     1.975405854990309E-36
0                         -0.027340883156146214    1.984255312472853E-36
0                         -0.027271859476773973    2.0122370906812805E-36
0                         -0.02724553819204758     1.9992786063889717E-36
0                         -0.03837558373748002     0
0                         -0.03862212279509936     0
0                         -0.040965002469799956    0
0                         -0.03812238707074282     1.1652314477230307E-36
0                         -0.035422421017268044    1.1126283768084407E-36
0                         -0.007291714683227396    3.0204905784257393E-37
0                         -0.005387654113027971    2.64714506446724E-37
0                         -0.004542966485446626    0
0                         -0.01066736987897347     0
0                         -0.01269016076089976     0
0                         -0.013295767234527932    0
0                         -0.008038972523419006    0
0                         -0.00848675117909816     0
0                         -0.020975197144204653    0
0                         -0.023565869874044916    0
0                         -0.02412586342166888     0
0                         -0.018373609717981153    0
0                         -0.016237639632358032    0
0                         -0.019893305165531824    0
0                         -0.015791048385148367    0
0                         -0.014607797106668194    0
0                         0.07848833456606817      1.809266532829783E-36
0                         0.07922211255661321      1.811594322775651E-36
0                         0.07791352227294336      1.6792132054434128E-36
0                         0.07582348757536428      1.3396237899813804E-36
0                         0.07316114086543933      1.413142446200524E-39
0                         0.07315882930138023      0
0                         0.011690671030510026     2.124196502354166E-37
0                         0.012040551985293154     2.519992110165433E-37
0                         0.038185044215607256     0
0                         0.03952146406062733      0
0                         0.04068071012810891      0
0                         0.03707058568195454      0
0                         0.03424898806857786      0
0                         0.033635419089899296     0
0                         0.03342302351013003      0
0                         0.04313522692567736      2.483787414197555E-36
0                         0.04484544890682764      1.5852962739841905E-36
0                         0.04211806371772809      2.4782793487391195E-36
0                         -1.9393626555885658E-4   2.4248792028636418E-36
0                         0.0023489864319567056    1.9864106167169413E-36
0                         0.0025479555704604646    1.9850222686953434E-36
0                         -0.002935828101578177    2.3127465033324972E-36
0                         -0.001096990026744961    2.936054547658384E-36
0                         0.004957140569759847     0
0                         0.009593912814047506     0
0                         0.008687421134146691     0
0                         0.007275526691903677     0
0                         0.005684171237783352     0
0                         0.05412069273539136      0
0                         0.05644034137916147      0
0                         0.051615874880459565     2.0507220964657527E-36
0                         0.05109583040276204      2.0470553246252498E-36
0                         0.05008962673846595      1.8241214526147254E-36
0                         0.04670679390238594      3.44793048985867E-36
0                         0.047990655595865905     2.9443130413977783E-36
0                         0.07315690164836101      0
0                         0.0703151623661443       1.2352813658879277E-36
0                         0.06799510871159964      1.245624550264814E-36
0                         0.06747173503430169      1.2060236455426799E-36
0                         0.06682982807379531      1.2102333596373034E-36
0                         0.0646283077024591       7.921637238595506E-37
0                         0.057690524960039        3.0143870417368806E-36
0                         0.05935440199720259      3.032489877075362E-36
0                         0.06115941633124906      2.817880463790394E-36
0                         0.06251564592831127      2.051397493638574E-36
0                         0.01834575596646526      0
0                         0.018669469059131943     0
0                         0.02148168930284336      0
0                         0.022682889518712994     0
0                         0.013977922020830917     0
0                         0.015325637632298557     0
0                         0.01616183899364809      0
0                         0.017820253720247824     0
0                         0.02717884694661568      2.8771332579961858E-36
0                         0.027738790404268424     3.176022870711257E-36
0                         0.030400533300644104     3.183150012959812E-36
0                         0.02439834010457155      1.4239696388440077E-36
0                         0.026593111967148912     6.2766814019279235E-37
0.1                       -0.08462917666846187     6.90748621374157E-20
0.1                       -0.08355522662726543     7.066087596901167E-20
0.09999999999999999       -0.08194376500269278     7.302294028541417E-20
0.1                       -0.08539632763553653     6.80988817295864E-20
0.09999999999999999       -0.08731458833423092     6.563242523406273E-20
0.1                       -0.08044688138441461     7.557124687638664E-20
0.1                       -0.07916290961671046     7.773945253056038E-20
0.09999999999999999       -0.07804909373824948     7.987779366597196E-20
0.09999999999999998       -0.07638205423072812     8.305795253700145E-20
0.09999999999999998       -0.07446034373557661     8.712087474770181E-20
0.09999999999999998       -0.07368645777414853     8.872861898215968E-20
0.09999999999999998       -0.07305838132453628     9.020420937464362E-20
0.1                       -0.07070228021869568     9.571186931997985E-20
0.09999999999999998       -0.06863932632991818     1.0128860026868331E-19
0.09999999999999998       -0.06780594105166313     1.0346644527246631E-19
0.09999999999999998       -0.06685413113173727     1.0629192127867394E-19
0.09999999999999999       -0.06490960188463056     1.1188946961035506E-19
0.1                       -0.05748754502928306     1.3903542704198157E-19
0.1                       -0.058264906307719515    1.356163451860647E-19
0.1                       -0.05937401415643602     1.314098337810257E-19
0.09999999999999999       -0.06158725409617504     1.2284469969564588E-19
0.1                       -0.0631384892001671      1.1778529535740446E-19
0.1                       -0.04805583939778513     1.8809428644031835E-19
0.1                       -0.046109692539101355    2.0051483472255447E-19
0.1                       -0.049098933920863244    1.813061248345678E-19
0.1                       -0.050512946061545105    1.7329902484788104E-19
0.1                       -0.04285827479982604     2.2583053558755863E-19
0.10000000000000002       -0.043547186043041086    2.1988089026967155E-19
0.1                       -0.04421664121235164     2.149007512219087E-19
0.1                       -0.038622122795099224    2.6429036666939743E-19
0.1                       -0.03837558373747995     2.666006301916649E-19
0.1                       -0.040965002469799894    2.4181232955100086E-19
0.1                       -0.03812238707074283     2.694405276575691E-19
0.1                       -0.03542242101726801     3.0004763426010084E-19
0.1                       -0.03377184084189749     3.2275030579836287E-19
0.1                       -0.03260137454071863     3.3839285180275774E-19
0.1                       -0.03139623382319707     3.573723728265012E-19
0.1                       -0.02994774045081411     3.798662243846768E-19
0.09999999999999999       -0.027271859476774       4.329361557443575E-19
0.1                       -0.027340883156146377    4.3162589982846615E-19
0.10000000000000002       -0.02724553819204755     4.335430858189651E-19
0.10000000000000002       -0.023565869874044906    5.253521802441529E-19
0.1                       -0.02097519714420465     6.050956555467346E-19
0.1                       -0.0241258634216689      5.088603983159307E-19
0.1                       -0.016237639632357977    8.302429545171655E-19
0.1                       -0.018373609717981153    7.133106479849338E-19
0.09999999999999999       -0.019893305165531814    6.484121785332872E-19
0.1                       -0.054780412231444385    1.5072876408116759E-19
0.1                       -0.051985677085928335    1.647889578458638E-19
0.1                       -0.05279773292446467     1.6076172296591342E-19
0.09999999999999999       0.012040551985293167     1.1828332719963528E-18
0.09999999999999999       0.011690671030510061     1.2221847163328357E-18
0.1                       -0.01579104838514836     8.568844526150481E-19
0.1                       -0.014607797106668308    9.537081379642505E-19
0.1                       -0.013295767234527914    1.0552448780792311E-18
0.1                       -0.0053876541130279      2.912784754182712E-18
0.1                       -0.007291714683227415    2.3030927983454028E-18
0.1                       -0.008486751179098058    1.8943058213944E-18
0.1                       -0.008038972523418952    2.0068896361125113E-18
0.10000000000000002       -0.012690160760899684    1.122659063563342E-18
0.1                       -0.010667369878973435    1.3477322336646746E-18
0.1                       -0.004542966485446512    3.657543014515963E-18
0.1                       -0.0010969900267448708   7.19224730605998E-18
0.1                       -0.0029358281015781293   5.700447908335673E-18
0.1                       0.00234898643195677      6.2074212766628E-18
0.1                       -1.939362655588279E-4    7.256466067770139E-18
0.1                       0.0025479555704604737    5.979178307083421E-18
0.1                       0.004957140569759853     2.9840137389562407E-18
0.1                       0.009593912814047522     1.5484255351156525E-18
0.1                       0.008687421134146717     1.7288859197307513E-18
0.1                       0.007275526691903686     2.1412022212949362E-18
0.1                       0.005684171237783371     2.6650495891383473E-18
0.1                       0.08410212103784805      6.970963611283065E-20
0.1                       0.08328926405191492      7.094093423895626E-20
0.1                       0.08115318155677206      7.414239552754687E-20
0.1                       0.08473933415644944      6.888686337706195E-20
0.1                       0.08705106051892401      6.589134593459214E-20
0.1                       0.03952146406062733      2.5359113170773564E-19
0.1                       0.038185044215607256     2.6732864031148294E-19
0.1                       0.03707058568195454      2.788030405484604E-19
0.1                       0.04068071012810891      2.43132353314855E-19
0.1                       0.03424898806857786      3.1364561970158427E-19
0.1                       0.033635419089899296     3.2108757975851835E-19
0.1                       0.03342302351013003      3.242608386359521E-19
0.10000000000000002       0.018669469059131943     6.968220849103962E-19
0.10000000000000002       0.01834575596646526      7.09087859076394E-19
0.1                       0.02148168930284336      5.845463751956902E-19
0.1                       0.022682889518712994     5.477270244851063E-19
0.1                       0.013977922020830938     9.875407159695467E-19
0.1                       0.015325637632298562     8.865621078426339E-19
0.1                       0.0161618389936481       8.219525663319389E-19
0.1                       0.017820253720247824     7.369069389975521E-19
0.1                       0.07922211255661321      7.746708284026166E-20
0.1                       0.07848833456606817      7.872369753421943E-20
0.1                       0.07791352227294336      7.984410419101194E-20
0.1                       0.07582348757536428      8.387562934148194E-20
0.1                       0.07316114086543933      8.958365814339981E-20
0.1                       0.07315882930138023      8.958852157812015E-20
0.1                       0.05644034137916147      1.4287705805129308E-19
0.1                       0.05412069273539136      1.5307989851199209E-19
0.1                       0.051615874880459565     1.6605905984249471E-19
0.1                       0.05109583040276204      1.6871054239063385E-19
0.1                       0.05008962673846595      1.7474428828893448E-19
0.1                       0.04670679390238594      1.9580350341886397E-19
0.1                       0.04484544890682764      2.0825724562774368E-19
0.1                       0.047990655595865905     1.870937078202286E-19
0.1                       0.04313522692567736      2.2190316447523214E-19
0.1                       0.04211806371772809      2.2980556970659186E-19
0.1                       0.027738790404268424     4.199311811720248E-19
0.1                       0.02717884694661568      4.300030799966011E-19
0.1                       0.030400533300644104     3.698492376531159E-19
0.1                       0.02439834010457155      4.938340255417533E-19
0.1                       0.026593111967148912     4.43984109784897E-19
0.1                       0.07315690164836101      8.959306610392587E-20
0.1                       0.0703151623661443       9.626269845728323E-20
0.1                       0.06799510871159964      1.0253387239233157E-19
0.1                       0.06747173503430169      1.039093779585665E-19
0.1                       0.06682982807379531      1.0581729460685862E-19
0.1                       0.0646283077024591       1.1217916704112218E-19
0.1                       0.057690524960039        1.3729601462230016E-19
0.1                       0.05935440199720259      1.3088042897453347E-19
0.1                       0.06115941633124906      1.237827409408478E-19
0.1                       0.06251564592831127      1.192801718736908E-19
