% Model:              pcal_mirror_deformation_3d_2beams.mph
% Version:            COMSOL 5.6.0.401
% Date:               Nov 21 2025, 12:04
% Dimension:          3
% Nodes:              576
% Expressions:        3
% Description:        Displacement field, Z component, x-coordinate, y-coordinate
% Length unit:        m
% X                       Y                        Z                        w (m)                    x (m)                    y (m)
-0.06599713846129372      -0.017660608534772734    0.08                     -1.723668956399148E-11   -0.06599713846129372     -0.017660608534772734
-0.07335999609166174      -0.015593239986274838    0.07999999999999997      -9.333946749895192E-12   -0.07335999609166174     -0.01559323998627484
-0.07132920965948432      -0.0231763116112057      0.07999999999999999      -9.374684384712022E-12   -0.07132920965948432     -0.0231763116112057
-0.06851583108803186      -0.030505261385574422    0.07999999999999999      -9.443176068850042E-12   -0.06851583108803186     -0.030505261385574422
-0.06349202544094505      -0.02428291601142895     0.08000000000000002      -1.7704513646000165E-11  -0.06349202544094505     -0.024282916011428953
-0.07458787050279471      -0.007839467289912918    0.07999999999999997      -9.294179471774578E-12   -0.07458787050279471     -0.007839467289912918
-0.06714861940894581      -0.010533189277255432    0.08                     -1.7601875361449115E-11  -0.0671486194089458      -0.010533189277255432
-0.06820349161856001      -0.003427157340491274    0.08000000000000002      -1.7204758663891072E-11  -0.06820349161856        -0.003427157340491274
-0.075                    0                        0.08                     -9.292857587770698E-12   -0.075                   0
-0.06077148543059532      -0.0309727781487648      0.07999999999999999      -1.7520878150232673E-11  -0.060771485430595316    -0.030972778148764802
-0.06495177554317576      -0.037499966716002406    0.08                     -9.528751229305818E-12   -0.06495177554317576     -0.037499966716002406
-0.06067625057185087      -0.04408391809753979     0.07999999999999997      -9.621331413520409E-12   -0.060676250571850866    -0.04408391809753979
-0.057137546360033924     -0.03682658327644536     0.08000000000000002      -1.7893156966137338E-11  -0.057137546360033924    -0.03682658327644536
-0.07458908596708065      0.007839626105999796     0.08                     -9.305995023234419E-12   -0.07458908596708065     0.007839626105999796
-0.06778964569820516      0.003781359224685865     0.08000000000000002      -1.767142340106642E-11   -0.06778964569820516     0.003781359224685865
-0.06734236417936575      0.010829483301813228     0.08                     -1.7322853401523018E-11  -0.06734236417936575     0.010829483301813228
-0.07336097335751122      0.015593346475658632     0.08000000000000002      -9.333913877528727E-12   -0.07336097335751122     0.015593346475658632
-0.05312478639971479      -0.0428204370216868      0.07999999999999999      -1.7693005431670163E-11  -0.05312478639971479     -0.0428204370216868
-0.05573575828807775      -0.050184747272377414    0.08                     -9.719363059395002E-12   -0.05573575828807775     -0.05018474727237741
-0.05018470437959347      -0.0557357969065981      0.08000000000000002      -9.825915468134986E-12   -0.05018470437959347     -0.0557357969065981
-0.04862123670226797      -0.04791417625493237     0.08                     -1.77803082100484E-11    -0.04862123670226797     -0.04791417625493238
-5.0E-4                   -0.005                   0.08                     -5.660808634003525E-9    -5.0E-4                  -0.005
-9.59473019652532E-4      -0.005126426987262629    0.08                     -2.9493533384365976E-9   -9.59473019652532E-4     -0.005126426987262629
-3.5355325455433247E-4    -0.005353553526632163    0.08000000000000002      -5.852941079409181E-9    -3.5355325455433247E-4   -0.005353553526632163
-3.535535266321627E-4     -0.004646446745445669    0.08000000000000004      -5.844662035677421E-9    -3.535535266321627E-4    -0.004646446745445669
-9.041035377456673E-4     -0.004411059456167689    0.08                     -2.7582934276534563E-9   -9.041035377456673E-4    -0.004411059456167689
-0.07132922749615196      0.023176256720120806     0.08                     -9.386300026737953E-12   -0.07132922749615196     0.023176256720120806
-0.06557435370755854      0.017900201341115633     0.08                     -1.764270756732281E-11   -0.06557435370755854     0.017900201341115637
-0.0685158545617348       0.030505208658311148     0.08                     -9.450433418673349E-12   -0.0685158545617348      0.030505208658311148
-0.06353103663612769      0.024830890988959714     0.08                     -1.7441808202226357E-11  -0.06353103663612769     0.024830890988959714
-5.0E-4                   0.005                    0.08                     -5.677794820540351E-9    -5.0E-4                  0.005
-0.001059427373703365     0.004731045091460127     0.08                     -2.677259933177074E-9    -0.001059427373703365    0.004731045091460127
-3.53553254554333E-4      0.004646446473367838     0.08                     -5.882580906139567E-9    -3.53553254554333E-4     0.004646446473367838
-0.043210134015184296     -0.05295302057677687     0.08                     -1.7798382683233207E-11  -0.0432101340151843      -0.05295302057677687
-0.04408387140455927      -0.06067628449743351     0.08000000000000002      -9.929193610016146E-12   -0.04408387140455927     -0.06067628449743351
-0.03749991673258768      -0.0649518044021882      0.07999999999999999      -1.0017357189327594E-11  -0.03749991673258768     -0.0649518044021882
-0.03769396315317784      -0.05676297899631509     0.07999999999999999      -1.8142382007090948E-11  -0.03769396315317785     -0.0567629789963151
-4.767386638436198E-4     -0.006015140922684188    0.08                     -2.6229838389320504E-9   -4.767386638436198E-4    -0.006015140922684188
0                         -0.0055                  0.08                     -6.3137389298989005E-9   0                        -0.0055000000000000005
-4.428030972792596E-4     0.003978479451973618     0.08                     -2.7259733221239775E-9   -4.428030972792596E-4    0.003978479451973618
0                         0.0045000000000000005    0.08                     -6.374152566469956E-9    0                        0.0045000000000000005
0                         -0.0045000000000000005   0.08                     -6.4224654311899756E-9   0                        -0.0045000000000000005
-2.795477984847382E-4     -0.003962394951834952    0.08000000000000002      -2.7534816652742047E-9   -2.795477984847382E-4    -0.003962394951834952
-0.0649518044021882       0.03749991673258768      0.07999999999999999      -9.525712553299121E-12   -0.0649518044021882      0.03749991673258768
-0.06019159860523084      0.03148074943452034      0.07999999999999999      -1.7865080802328455E-11  -0.06019159860523083     0.03148074943452034
-0.06067628449743351      0.04408387140455927      0.08000000000000002      -9.630030966258737E-12   -0.06067628449743351     0.04408387140455927
-0.05687849018982623      0.037477477626103844     0.08000000000000002      -1.7748759306669025E-11  -0.05687849018982622     0.037477477626103844
-3.535535266321624E-4     0.005353553254554332     0.08                     -5.882671578607118E-9    -3.535535266321624E-4    0.005353553254554332
-9.614915659768263E-4     0.005539881157646913     0.08                     -2.670243037408075E-9    -9.614915659768263E-4    0.005539881157646913
-0.03149164435119801      -0.06076558200163851     0.07999999999999999      -1.7896348727736306E-11  -0.03149164435119801     -0.06076558200163851
-0.030505208658311148     -0.0685158545617348      0.08                     -1.0102015648924597E-11  -0.030505208658311148    -0.0685158545617348
-0.023176256720120806     -0.07132922749615196     0.08                     -1.0166544640733132E-11  -0.023176256720120806    -0.07132922749615196
-0.025102680834503465     -0.06321617529073137     0.08                     -1.8483089847454932E-11  -0.025102680834503465    -0.06321617529073137
3.450969999877658E-4      -0.005947116802734721    0.08                     -2.9124953887755646E-9   3.450969999877658E-4     -0.005947116802734721
3.535535266321624E-4      -0.005353553254554332    0.08                     -5.858712571931831E-9    3.5355352663216246E-4    -0.005353553254554332
8.08315501016045E-4       -0.0054689762738919165   0.08                     -3.1033156006852793E-9   8.08315501016045E-4      -0.0054689762738919165
5.0E-4                    -0.005                   0.08                     -5.638824929848938E-9    5.0E-4                   -0.005
2.811873833665837E-4      0.0040995544114906385    0.08                     -3.1344166749640315E-9   2.811873833665837E-4     0.0040995544114906385
3.535535266321627E-4      0.004646446745445669     0.08000000000000004      -5.8705061684227125E-9   3.535535266321627E-4     0.004646446745445669
3.53553254554333E-4       -0.004646446473367838    0.08                     -5.933289274634819E-9    3.53553254554333E-4      -0.004646446473367838
4.7744327336172315E-4     -0.0041476035292708074   0.08                     -3.055867228333763E-9    4.7744327336172315E-4    -0.0041476035292708074
-0.0557357969065981       0.05018470437959347      0.08000000000000002      -9.729147186983648E-12   -0.0557357969065981      0.05018470437959347
-0.05218304376823529      0.04297860388877366      0.08                     -1.8456642138304492E-11  -0.05218304376823529     0.04297860388877366
-0.050184747272377414     0.05573575828807775      0.08                     -9.83252928007965E-12    -0.05018474727237741     0.05573575828807775
-0.0477668916286719       0.048309355399733876     0.08                     -1.817798719887674E-11   -0.0477668916286719      0.048309355399733876
0                         0.0055                   0.08                     -6.29116938112284E-9     0                        0.0055
-2.678163023144657E-4     0.0060315986649467496    0.08                     -2.7131161596291783E-9   -2.678163023144657E-4    0.0060315986649467496
5.0E-4                    0.005                    0.08                     -5.694013502189577E-9    5.0E-4                   0.005
9.910916301762857E-4      0.005254004819587134     0.08                     -2.861358276279281E-9    9.910916301762857E-4     0.005254004819587134
3.5355325455433247E-4     0.005353553526632163     0.08000000000000002      -5.880827095973041E-9    3.5355325455433247E-4    0.005353553526632163
5.910370212140643E-4      0.005904609068792838     0.08000000000000002      -2.7337194337654875E-9   5.910370212140643E-4     0.005904609068792838
-0.01820902696754586      -0.06596980743214319     0.08                     -1.8055611457326247E-11  -0.018209026967545863    -0.06596980743214319
-0.015593346475658632     -0.07336097335751122     0.08000000000000002      -1.0216366947031305E-11  -0.015593346475658632    -0.07336097335751122
-0.007839626105999796     -0.07458908596708065     0.08                     -1.0256925324271107E-11  -0.007839626105999796    -0.07458908596708065
-0.011559239642436964     -0.06722033950642751     0.07999999999999999      -1.8381488710062224E-11  -0.011559239642436964    -0.06722033950642751
9.333382132765203E-4      -0.004570819957883568    0.08                     -2.843950663880707E-9    9.333382132765203E-4     -0.004570819957883568
8.146656993114169E-4      0.004452728034451875     0.08                     -2.995868094295715E-9    8.146656993114169E-4     0.004452728034451875
-0.04408391809753979      0.06067625057185087      0.07999999999999997      -9.924573330869332E-12   -0.04408391809753979     0.060676250571850866
-0.04194677690449895      0.05285658729156582      0.08                     -1.884584505135033E-11   -0.041946776904498946    0.05285658729156582
-0.037499966716002406     0.06495177554317576      0.08                     -1.0018925809043213E-11  -0.037499966716002406    0.06495177554317576
-0.036554795936528245     0.0572817193133718       0.08                     -1.839659141659085E-11   -0.036554795936528245    0.0572817193133718
0                         -0.075                   0.08                     -1.0275301513706489E-11  0                        -0.075
-0.004120768959009002     -0.06820897866798846     0.08                     -1.8255628143090055E-11  -0.004120768959009002    -0.06820897866798846
0.007839467289912918      -0.07458787050279471     0.07999999999999997      -1.0259227188059848E-11  0.007839467289912918     -0.07458787050279471
0.002661225784724721      -0.06823381835421219     0.08000000000000002      -1.8316684748190935E-11  0.002661225784724721     -0.06823381835421218
-0.030505261385574422     0.06851583108803186      0.07999999999999999      -1.0102986390219329E-11  -0.030505261385574422    0.06851583108803186
-0.03016112705439137      0.06045244712595057      0.07999999999999999      -1.896073519919799E-11   -0.030161127054391366    0.06045244712595057
-0.023176311611205702     0.0713292096594843       0.07999999999999997      -1.0173444266609927E-11  -0.023176311611205702    0.0713292096594843
-0.023929200695748925     0.06371627494125753      0.07999999999999999      -1.8452524797090307E-11  -0.023929200695748925    0.06371627494125753
0.015593239986274841      -0.07335999609166174     0.07999999999999997      -1.023436830810939E-11   0.015593239986274841     -0.07335999609166174
0.010024576932615152      -0.06766146392661508     0.08                     -1.8149201796620962E-11  0.010024576932615152     -0.06766146392661508
0.023176311611205702      -0.0713292096594843      0.07999999999999997      -1.0175425987314746E-11  0.023176311611205702     -0.0713292096594843
0.017178411326980836      -0.06583415226860545     0.08                     -1.8537400773973386E-11  0.017178411326980836     -0.06583415226860545
-0.015593239986274841     0.07335999609166174      0.07999999999999997      -1.0233571542617807E-11  -0.015593239986274841    0.07335999609166174
-0.01687837334858897      0.06538336328773081      0.08                     -1.9153245351935607E-11  -0.01687837334858897     0.06538336328773081
-0.007839467289912918     0.07458787050279471      0.07999999999999997      -1.0259394310083212E-11  -0.007839467289912918    0.07458787050279471
-0.010360526942071603     0.06722487702997931      0.08000000000000002      -1.86124720090426E-11    -0.010360526942071603    0.06722487702997931
0.030505261385574422      -0.06851583108803186     0.07999999999999999      -1.0107438108566622E-11  0.030505261385574422     -0.06851583108803186
0.024158991782913114      -0.06376224408156723     0.08                     -1.8295397812504825E-11  0.024158991782913114     -0.06376224408156723
0.037499966716002406      -0.06495177554317576     0.08                     -1.00195756617568E-11    0.037499966716002406     -0.06495177554317576
0.030161260582905264      -0.06090657437969954     0.07999999999999999      -1.846990957732839E-11   0.030161260582905264     -0.06090657437969954
0                         0.075                    0.08                     -1.0279005587873857E-11  0                        0.075
-0.0031403562923310244    0.06738583702482379      0.08                     -1.930818116582588E-11   -0.0031403562923310244   0.0673858370248238
0.007839626105999796      0.07458908596708065      0.08                     -1.0264145355454824E-11  0.007839626105999796     0.07458908596708065
0.003780343896696979      0.06784504886552707      0.08                     -1.872068036765461E-11   0.003780343896696979     0.06784504886552707
0.04408391809753979       -0.06067625057185087     0.07999999999999997      -9.917103099723574E-12   0.04408391809753979      -0.060676250571850866
0.03675546200518619       -0.05748770204172038     0.07999999999999999      -1.8040554792916345E-11  0.036755462005186194     -0.05748770204172038
0.050184747272377414      -0.05573575828807775     0.08                     -9.812298614599988E-12   0.05018474727237741      -0.05573575828807775
0.042187883238848124      -0.05322716818525337     0.07999999999999999      -1.8307616450780537E-11  0.042187883238848124     -0.053227168185253367
0.015593346475658632      0.07336097335751122      0.08000000000000002      -1.0223874140869232E-11  0.015593346475658632     0.07336097335751122
0.010950524418365186      0.06673605293020982      0.08                     -1.907286535828344E-11   0.010950524418365186     0.0667360529302098
0.023176256720120806      0.07132922749615196      0.08                     -1.0166315148172042E-11  0.023176256720120806     0.07132922749615196
0.0178470429679604        0.06562099547381707      0.08                     -1.857389159166334E-11   0.0178470429679604       0.06562099547381707
0.0557357969065981        -0.05018470437959347     0.08000000000000002      -9.710057719310857E-12   0.0557357969065981       -0.05018470437959347
0.047926607479791994      -0.048009936733448166    0.08                     -1.8278617247285916E-11  0.047926607479791994     -0.048009936733448166
0.030505208658311148      0.0685158545617348       0.08                     -1.0105989518432267E-11  0.030505208658311148     0.0685158545617348
0.024496220152930938      0.06309782277067191      0.07999999999999999      -1.8883671350878833E-11  0.024496220152930934     0.0630978227706719
0.06067628449743351       -0.04408387140455927     0.08000000000000002      -9.613404001844219E-12   0.06067628449743351      -0.04408387140455927
0.05191083488900762       -0.04286299393589946     0.08                     -1.877860560606117E-11   0.051910834889007614     -0.04286299393589946
0.03749991673258768       0.0649518044021882       0.07999999999999999      -1.0024293402341105E-11  0.03749991673258768      0.0649518044021882
0.031363267176737014      0.06026656091714805      0.08                     -1.849310996601309E-11   0.031363267176737014     0.06026656091714805
0.0649518044021882        -0.03749991673258768     0.07999999999999999      -9.51994603425525E-12    0.0649518044021882       -0.03749991673258768
0.05638003613344783       -0.0372274563194936      0.08000000000000002      -1.8377342133005323E-11  0.05638003613344783      -0.0372274563194936
0.04408387140455927       0.06067628449743351      0.08000000000000002      -9.933745858386977E-12   0.04408387140455927      0.06067628449743351
0.037119105736700186      0.05632337363631103      0.07999999999999999      -1.8966573221620753E-11  0.037119105736700186     0.05632337363631102
0.0685158545617348        -0.030505208658311148    0.08                     -9.435204428267696E-12   0.0685158545617348       -0.030505208658311148
0.05976486576542359       -0.031310341288548225    0.08                     -1.838865792050698E-11   0.05976486576542359      -0.031310341288548225
0.05018470437959347       0.0557357969065981       0.08000000000000002      -9.8212590250108E-12     0.05018470437959347      0.0557357969065981
0.043072202484981593      0.05242192898790446      0.08                     -1.838605245425705E-11   0.043072202484981593     0.05242192898790445
0.07132922749615196       -0.023176256720120806    0.08                     -9.37402083615941E-12    0.07132922749615196      -0.023176256720120806
0.06322850917900204       -0.02443951758610014     0.08000000000000002      -1.7920144490714414E-11  0.06322850917900204      -0.024439517586100138
0.05573575828807775       0.050184747272377414     0.08                     -9.715943584088724E-12   0.05573575828807775      0.05018474727237741
0.04809105473663222       0.047169832319365716     0.07999999999999999      -1.8825860177698984E-11  0.04809105473663222      0.047169832319365716
0.07336097335751122       -0.015593346475658632    0.08000000000000002      -9.325372884671611E-12   0.07336097335751122      -0.015593346475658632
0.0649317988970493        -0.01839851296131722     0.07999999999999999      -1.821700532180901E-11   0.0649317988970493       -0.018398512961317223
0.06067625057185087       0.04408391809753979      0.07999999999999997      -9.623136488366958E-12   0.060676250571850866     0.04408391809753979
0.052876993827544294      0.04208385889090837      0.08                     -1.8455941418633872E-11  0.052876993827544294     0.04208385889090837
0.07458908596708065       -0.007839626105999796    0.08                     -9.28541290861431E-12    0.07458908596708065      -0.007839626105999796
0.06671085822036948       -0.011290717951433965    0.08                     -1.795699163701374E-11   0.06671085822036948      -0.011290717951433965
0.06495177554317576       0.037499966716002406     0.08                     -9.531201898664899E-12   0.06495177554317576      0.037499966716002406
0.05699742585280092       0.03609751235732444      0.08000000000000002      -1.8477466357073858E-11  0.056997425852800924     0.03609751235732444
0.075                     0                        0.08                     -9.282556584178203E-12   0.075                    0
0.06756663816077145       -0.0041370012612086185   0.08                     -1.7897627872903827E-11  0.06756663816077145      -0.0041370012612086185
0.06851583108803186       0.030505261385574422     0.07999999999999999      -9.449660228414835E-12   0.06851583108803186      0.030505261385574422
0.06052573561015821       0.030114677557269966     0.08                     -1.8216769735458208E-11  0.06052573561015822      0.030114677557269962
0.07458787050279471       0.007839467289912918     0.07999999999999997      -9.289615251408678E-12   0.07458787050279471      0.007839467289912918
0.06771082129976223       0.0027882970943673493    0.08                     -1.7807511387508063E-11  0.06771082129976223      0.0027882970943673493
0.0713292096594843        0.023176311611205702     0.07999999999999997      -9.376806565835823E-12   0.0713292096594843       0.023176311611205702
0.06333991385008772       0.023644851571417533     0.08                     -1.812795108606397E-11   0.06333991385008773      0.023644851571417533
0.07335999609166174       0.015593239986274841     0.07999999999999997      -9.325927838598997E-12   0.07335999609166174      0.015593239986274841
0.06691754132651297       0.010076260266082764     0.08                     -1.7941687249224303E-11  0.06691754132651297      0.010076260266082764
0.06537035527986822       0.01672770234841743      0.08000000000000002      -1.8217527075380352E-11  0.06537035527986822      0.01672770234841743
-1.6857790531258824E-4    -0.005159104357469858    0.08                     -1.4217748713785841E-8   -1.6857790531258824E-4   -0.005159104357469858
-1.3231644978741142E-4    -0.004879142127553161    0.08                     -1.664180923700609E-8    -1.3231644978741144E-4   -0.004879142127553161
1.2100761360435895E-4     -0.005123057635117166    0.08                     -1.7077441358578332E-8   1.2100761360435895E-4    -0.005123057635117167
1.6128947713530865E-4     -0.004837412710285382    0.08                     -1.4510427901704665E-8   1.6128947713530865E-4    -0.004837412710285382
-1.6857790531258824E-4    0.004840895642530143     0.08                     -1.4203195711257994E-8   -1.6857790531258824E-4   0.004840895642530143
-1.323164497874112E-4     0.005120857872446841     0.07999999999999999      -1.6632552494454563E-8   -1.3231644978741123E-4   0.005120857872446841
1.6128947713530732E-4     0.005162587289714618     0.08                     -1.4494387862565224E-8   1.6128947713530732E-4    0.005162587289714618
1.210076136043586E-4      0.004876942364882835     0.08                     -1.7065691104813832E-8   1.210076136043586E-4     0.004876942364882835
-0.06189324096112385      -0.012990978635838618    0.07999999999999999      -2.3214144221616806E-11  -0.06189324096112385     -0.012990978635838618
-0.05819086810637452      -0.018949840624150997    0.08                     -2.5771676247181057E-11  -0.05819086810637452     -0.018949840624151
-0.05775977276202733      -0.025555937166382367    0.08000000000000002      -2.346168939669758E-11   -0.05775977276202733     -0.02555593716638237
-0.0529222382542122       -0.010956399914586024    0.08                     -3.5435101980532374E-11  -0.05292223825421221     -0.010956399914586024
-0.060890783671279695     -0.006436638580155765    0.08                     -2.5625953115152982E-11  -0.060890783671279695    -0.006436638580155765
-0.06309577277919268      2.8441247754001225E-4    0.08                     -2.3337429457564904E-11  -0.06309577277919268     2.8441247754001225E-4
-0.04956223805086107      -0.021814559317325316    0.08000000000000002      -3.546001005001578E-11   -0.04956223805086107     -0.021814559317325316
-0.052989564995073256     -0.03048863179449552     0.08000000000000002      -2.605526503565879E-11   -0.052989564995073256    -0.030488631794495517
-0.05123755902765903      -0.03692272860259314     0.08                     -2.3664578582968615E-11  -0.05123755902765903     -0.03692272860259314
-0.04400368819921332      -0.012825072407776389    0.08000000000000002      -5.034521754970934E-11   -0.04400368819921332     -0.012825072407776389
-0.04583308228228463      -0.003196682233121473    0.08                     -4.993696735695831E-11   -0.04583308228228463     -0.003196682233121473
-0.0011294107592044675    -0.0046970376332931135   0.07999999999999999      -2.5843705361752535E-9   -0.0011294107592044675   -0.0046970376332931135
-0.001686183734345332     -0.004987229293001445    0.08                     -1.8180669625677727E-9   -0.001686183734345332    -0.004987229293001445
-0.0026966446372261137    -0.005016350779074398    0.08                     -1.2083078892520166E-9   -0.0026966446372261137   -0.005016350779074398
-0.0025782815290789456    -0.004323272898756711    0.08                     -1.2389495120177905E-9   -0.0025782815290789456   -0.004323272898756711
-0.0034278992831477013    -0.004704185828098062    0.07999999999999999      -9.903813208450907E-10   -0.0034278992831477013   -0.004704185828098062
-0.001529644088289702     -0.004214200261904499    0.07999999999999999      -1.8098754269364066E-9   -0.001529644088289702    -0.004214200261904499
-9.909210255663117E-4     0.004358787407688379     0.08                     -2.563731858206727E-9    -9.909210255663117E-4    0.004358787407688379
-0.05418946492630296      3.8477948111875077E-4    0.07999999999999999      -3.515421494001269E-11   -0.05418946492630295     3.8477948111875077E-4
-0.060798529742338944     0.006554066102789906     0.08                     -2.572818490013736E-11   -0.06079852974233895     0.006554066102789906
-0.0616376381801862       0.013419210927781658     0.08                     -2.3412819283453414E-11  -0.06163763818018621     0.013419210927781658
-0.0016475518284681107    0.004401233880174896     0.08000000000000002      -1.7740222526083707E-9   -0.0016475518284681107   0.004401233880174896
-0.0013513859512202069    0.003748630803380004     0.08                     -1.7284643786166239E-9   -0.0013513859512202069   0.003748630803380004
-0.0011956525276586479    0.005227708657168567     0.08                     -2.4470218221729596E-9   -0.0011956525276586479   0.005227708657168567
-0.0023000992125513584    0.0036609593091545406    0.08                     -1.2658086440650632E-9   -0.0023000992125513584   0.0036609593091545406
-0.0019417605999794557    0.0031165425594947907    0.08                     -1.2698996757656866E-9   -0.0019417605999794557   0.0031165425594947907
-0.037681360201158025     -0.0060148263621446      0.08                     -7.067913041168091E-11   -0.037681360201158025    -0.0060148263621446
-0.03852159837638257      0.002509853323529508     0.08                     -6.917780550410487E-11   -0.038521598376382575    0.002509853323529508
-0.0018493611825800352    0.00498915490946851      0.08                     -1.6791934694454375E-9   -0.0018493611825800352   0.00498915490946851
-0.0016272150450170227    0.00570137657600172      0.08                     -1.7258260441839668E-9   -0.0016272150450170227   0.00570137657600172
-0.045160723639702        0.006551741513462522     0.08                     -5.062949646072246E-11   -0.045160723639702       0.006551741513462522
-0.040722552904950284     -0.021583966528327142    0.08                     -5.013061158328265E-11   -0.040722552904950284    -0.021583966528327142
-0.0443531323396856       -0.03162369354826683     0.08                     -3.525415910092634E-11   -0.044353132339685596    -0.03162369354826683
-0.04563809628552707      -0.040832210382453216    0.07999999999999999      -2.6175867517638243E-11  -0.04563809628552707     -0.040832210382453216
-0.04258904268244981      -0.046625279069465494    0.08                     -2.3939032520269283E-11  -0.04258904268244981     -0.046625279069465494
-0.0034071331817711603    -0.00574897231925859     0.08                     -9.57471309668583E-10    -0.0034071331817711603   -0.00574897231925859
-0.002233943537418518     -0.00566103812401407     0.07999999999999999      -1.360720319418465E-9    -0.002233943537418518    -0.00566103812401407
-0.0027292484531571577    0.004378030681827232     0.08                     -1.186079123158296E-9    -0.0027292484531571577   0.004378030681827232
-0.0038096945078751783    -0.0036596583288277112   0.08                     -8.907520114368814E-10   -0.0038096945078751783   -0.0036596583288277112
-0.0011240021620731906    -0.005606944740381592    0.08                     -2.3567078090063495E-9   -0.0011240021620731906   -0.005606944740381592
-0.0015147207816617533    -0.00627567057643065     0.08                     -1.5539448141367539E-9   -0.0015147207816617533   -0.00627567057643065
-0.004834815200837457     -0.005011848444122356    0.08                     -7.367475108942427E-10   -0.004834815200837457    -0.005011848444122356
-0.03650773128857772      -0.014111100682906864    0.08                     -6.791708592439756E-11   -0.03650773128857771     -0.014111100682906863
-0.03197169098870323      -0.008488473528877057    0.07999999999999999      -9.036909779268408E-11   -0.03197169098870323     -0.008488473528877057
-0.03210783952776967      -0.020598616458039856    0.08000000000000002      -7.173208372607532E-11   -0.03210783952776967     -0.020598616458039856
-0.0060108618506634105    -0.006853089457474468    0.08                     -5.649172931837298E-10   -0.0060108618506634105   -0.006853089457474468
-0.007548318452823829     -0.005500835495106056    0.08000000000000002      -4.982788471456868E-10   -0.00754831845282383     -0.005500835495106056
-0.002745375376682943     -0.006441535488099989    0.08                     -1.0398178366090216E-9   -0.002745375376682943    -0.006441535488099989
-0.004160346133937155     -0.006802054146631639    0.08                     -7.489940387098543E-10   -0.004160346133937155    -0.006802054146631639
-0.0020134378352125518    -0.007020064504373334    0.08                     -1.1119760414640142E-9   -0.0020134378352125518   -0.007020064504373334
-6.421523008558194E-4     -0.0040081887541030675   0.07999999999999999      -2.591036327690802E-9    -6.421523008558194E-4    -0.0040081887541030675
-0.005715147248022051     -0.0026693269929740707   0.08                     -6.55006691193984E-10    -0.005715147248022051    -0.0026693269929740707
-0.010007160268290856     -0.005972383320218974    0.08                     -3.7932296069600186E-10  -0.010007160268290856    -0.005972383320218974
-0.009298067460618311     -0.0032680828686089194   0.08                     -4.31806765546009E-10    -0.009298067460618313    -0.0032680828686089194
-0.012774340218276135     -0.004130643839730379    0.08                     -3.103391571302703E-10   -0.012774340218276137    -0.004130643839730379
-0.0022941138020457497    -0.0034627956448672823   0.08000000000000002      -1.2295239893422077E-9   -0.0022941138020457497   -0.0034627956448672823
-0.0012427936079732367    -0.003687720408314235    0.07999999999999999      -1.773660406861757E-9    -0.0012427936079732367   -0.003687720408314235
-5.948926556802597E-4     -0.0034221052371258207   0.08                     -1.896698373443602E-9    -5.948926556802597E-4    -0.0034221052371258207
-0.0033762845014907138    0.0032294677386218162    0.08                     -9.505671952560473E-10   -0.0033762845014907138   0.0032294677386218162
-0.004346141093395799     0.004289145360392578     0.08000000000000002      -8.150280498953864E-10   -0.004346141093395799    0.004289145360392578
-0.005248460101049273     0.002127322911624256     0.08000000000000002      -6.913129027863507E-10   -0.005248460101049273    0.002127322911624256
-0.002517119746457335     0.0028638791400603728    0.08                     -1.0871621073356172E-9   -0.002517119746457335    0.0028638791400603728
-0.0010206241398973241    0.0030396308037705447    0.08                     -1.5063153100299713E-9   -0.0010206241398973241   0.0030396308037705447
1.493556471582648E-4      -0.003899491134231263    0.08000000000000002      -2.7388024124297213E-9   1.493556471582648E-4     -0.003899491134231263
-0.05274574631225935      0.011618841970100761     0.08                     -3.5498852109197285E-11  -0.05274574631225936     0.01161884197010076
-0.05816498500877484      0.018912185150273132     0.07999999999999999      -2.583009033085457E-11   -0.05816498500877484     0.01891218515027313
-0.05710448226978349      0.026076631716126265     0.08                     -2.3939143809596788E-11  -0.0571044822697835      0.026076631716126265
-0.001871636341451429     0.0022501308745823817    0.08000000000000002      -1.118279004368738E-9    -0.001871636341451429    0.0022501308745823817
-0.003079094912692742     0.0019504579229720279    0.08                     -9.184516278729249E-10   -0.003079094912692742    0.0019504579229720279
-7.222558568544951E-4     0.005954266722003734     0.08                     -2.4987802003989864E-9   -7.222558568544951E-4    0.005954266722003734
-0.03084548554017882      -0.0015382840410077397   0.08                     -1.0095641793009301E-10  -0.03084548554017882     -0.0015382840410077397
-0.0367442187258933       0.01071182588559172      0.07999999999999999      -7.051966883313193E-11   -0.03674421872589329     0.01071182588559172
-0.03200413185455174      0.006174193743110935     0.08                     -9.247534941348766E-11   -0.03200413185455174     0.006174193743110935
-0.002918864907632251     0.005614600249738588     0.08                     -1.0962862745214264E-9   -0.002918864907632251    0.005614600249738588
-0.004516219056218466     0.005973276893607271     0.08000000000000002      -7.46582055287891E-10    -0.004516219056218466    0.005973276893607271
-0.0012566567642435904    0.006187855670782727     0.08                     -1.7586936643058546E-9   -0.0012566567642435904   0.006187855670782727
-0.002172449401879096     0.006458065332869613     0.07999999999999999      -1.2025507414789066E-9   -0.002172449401879096    0.006458065332869613
-0.04276160439537481      0.01570005439077579      0.08                     -5.106783227370544E-11   -0.042761604395374804    0.01570005439077579
-0.03396932511960096      0.0182410250997965       0.08                     -7.010162125364502E-11   -0.03396932511960096     0.0182410250997965
-0.03522331836736048      -0.029270091014137592    0.08000000000000002      -5.118676815039748E-11   -0.03522331836736048     -0.02927009101413759
-0.03682405766270558      -0.03977751980521063     0.08                     -3.599428543847204E-11   -0.03682405766270558     -0.03977751980521064
-0.036096245441479324     -0.04947677717937039     0.08000000000000002      -2.6431235438454417E-11  -0.036096245441479324    -0.049476777179370386
-0.032095804746539905     -0.05416534208278276     0.08                     -2.440792885170492E-11   -0.032095804746539905    -0.054165342082782765
-0.0050722117964346475    -6.711269749462359E-4    0.07999999999999999      -6.950972820753316E-10   -0.0050722117964346475   -6.711269749462359E-4
-0.00756586763494178      -4.631688478405338E-4    0.08                     -5.274802483821905E-10   -0.007565867634941781    -4.631688478405338E-4
-0.00327596267559941      -0.0020266155714161044   0.07999999999999999      -8.995370351827762E-10   -0.00327596267559941     -0.0020266155714161044
-0.0010582060833290788    -0.0069193011093064485   0.08                     -1.418192764662172E-9    -0.0010582060833290788   -0.0069193011093064485
-0.02460213413265948      -0.005560113449149938    0.08                     -1.3735918407906673E-10  -0.024602134132659475    -0.005560113449149938
-0.028199343464699884     -0.013669542344563447    0.08000000000000002      -9.9549409555888E-11     -0.02819934346469988     -0.013669542344563445
-0.02595554988653668      -0.02016453058525488     0.08                     -9.322276186756966E-11   -0.02595554988653668     -0.02016453058525488
-0.027404471486856964     -0.02678660779518518     0.08                     -7.189093755685635E-11   -0.02740447148685696     -0.026786607795185182
-0.012409072707737674     -0.008545322853402898    0.08                     -2.826472525481388E-10   -0.012409072707737674    -0.008545322853402898
-0.017530472277007103     -0.00744043530618009     0.08                     -2.052749469517348E-10   -0.017530472277007103    -0.00744043530618009
-0.008127459388662408     -0.008459915955018604    0.07999999999999999      -4.067614569630807E-10   -0.00812745938866241     -0.008459915955018604
-0.005271479954635134     -0.00859184976525857     0.07999999999999999      -5.390370613385023E-10   -0.005271479954635134    -0.00859184976525857
-0.002929371043905178     -0.00787611131723167     0.08                     -7.987291507908791E-10   -0.002929371043905178    -0.00787611131723167
-0.0016662029030921066    -0.007712184328718105    0.08000000000000002      -9.99834435961618E-10    -0.0016662029030921066   -0.007712184328718105
-0.011352577861968138     -2.0433726776005606E-4   0.08000000000000002      -3.628360946326897E-10   -0.011352577861968138    -2.0433726776005606E-4
-0.008320718384374714     0.0018676235911092229    0.08                     -4.848561023801024E-10   -0.008320718384374714    0.0018676235911092229
-0.010244627309343026     0.0031860556517049263    0.08000000000000002      -3.9552104467156587E-10  -0.010244627309343026    0.0031860556517049263
-0.012964287018318213     0.0030450479048109297    0.08000000000000002      -3.10826009762621E-10    -0.012964287018318213    0.0030450479048109297
-0.007111331061391758     0.004861867796176103     0.08                     -5.330853511326688E-10   -0.007111331061391758    0.004861867796176103
-0.016850370454407255     9.602341713257218E-5     0.08000000000000002      -2.336284864713325E-10   -0.016850370454407255    9.602341713257218E-5
-1.435728407341054E-4     -0.006823937546166121    0.08                     -1.6637644301535987E-9   -1.435728407341054E-4    -0.006823937546166121
-0.0014431263532985183    -0.0025958224517085293   0.08000000000000002      -1.262350284740376E-9    -0.0014431263532985183   -0.0025958224517085293
-0.002002390730576606     -0.0012835584526877247   0.08                     -9.8998474080088E-10     -0.002002390730576606    -0.0012835584526877247
-4.9128571372437924E-5    -0.0034007799741813047   0.08000000000000002      -1.973610276961632E-9    -4.9128571372437924E-5   -0.0034007799741813047
-3.6982176860907157E-4    -0.0027003671034523252   0.08                     -1.463404937745968E-9    -3.6982176860907157E-4   -0.0027003671034523252
-0.0034797428843519676    1.6042415742332367E-4    0.08                     -8.235868972341852E-10   -0.0034797428843519676   1.6042415742332367E-4
-0.0018579955458920341    0.0013085154886958439    0.08                     -1.0086637373756579E-9   -0.0018579955458920341   0.0013085154886958439
6.091226955145385E-6      0.0031329759541632515    0.08                     -1.7281268117087644E-9   6.091226955145385E-6     0.0031329759541632515
-6.757581015911264E-4     0.0019342927132470697    0.08                     -1.1960663160327627E-9   -6.757581015911264E-4    0.0019342927132470697
6.558875308034749E-4      -0.0035614586746715374   0.08                     -1.9920984974678497E-9   6.558875308034749E-4     -0.0035614586746715374
-0.04904477856775891      0.022564781751868865     0.08                     -3.5747683284402866E-11  -0.04904477856775891     0.02256478175186886
-0.05285987115600957      0.030572130603952558     0.08                     -2.614404928958359E-11   -0.05285987115600956     0.030572130603952558
-0.05039243519126445      0.037368642687479026     0.08                     -2.4209055231410934E-11  -0.05039243519126445     0.037368642687479026
9.53316840268368E-4       0.005620759433090386     0.08                     -2.6221259667463574E-9   9.53316840268368E-4      0.005620759433090386
-6.267845868574533E-4     0.0067118735123004175    0.08                     -1.6718384711595981E-9   -6.267845868574533E-4    0.0067118735123004175
2.8394139009521244E-4     0.006223624141016522     0.08                     -2.427429624722163E-9    2.8394139009521244E-4    0.006223624141016522
-0.011137261374515182     0.005672024963045114     0.08                     -3.4554028414509685E-10  -0.01113726137451518     0.005672024963045114
-0.015369502735872776     0.005046325638284922     0.07999999999999999      -2.485044418408992E-10   -0.015369502735872774    0.005046325638284922
-0.012178386608012518     0.008188988639833368     0.08                     -2.928375975661073E-10   -0.012178386608012518    0.008188988639833368
-0.022655839652570762     0.005751941596529801     0.08                     -1.533001710321925E-10   -0.022655839652570762    0.005751941596529801
-0.028781034098969625     0.011947647144413265     0.08                     -1.0027552620209482E-10  -0.028781034098969625    0.011947647144413265
-0.003670890421624662     0.007035556654621869     0.08                     -7.954394448615816E-10   -0.003670890421624662    0.007035556654621869
-0.005689543239426109     0.007457584619935224     0.08                     -5.658065861766644E-10   -0.005689543239426109    0.007457584619935224
-0.008626171763652466     0.007892407137318036     0.08                     -4.0055103470005866E-10  -0.008626171763652464    0.007892407137318036
-0.001550557986487712     0.007311822851290145     0.08000000000000002      -1.1338112713554592E-9   -0.001550557986487712    0.007311822851290145
-0.0027071383453716354    0.007661069207890239     0.08                     -8.558060465115819E-10   -0.0027071383453716354   0.007661069207890239
-0.03858519504936889      0.024422672514247123     0.08                     -5.1215751354350314E-11  -0.03858519504936889     0.024422672514247123
-0.02965029410706377      0.024609702485081777     0.08                     -7.089747345843937E-11   -0.02965029410706377     0.024609702485081777
-0.003914014055806967     0.008641119292944172     0.08000000000000002      -6.286191094448833E-10   -0.003914014055806967    0.008641119292944172
-0.02742173651094286      0.018822865908183807     0.08                     -9.109005031518135E-11   -0.027421736510942863    0.018822865908183807
-0.028264941407151738     -0.03596643743130808     0.08000000000000002      -5.182515039811531E-11   -0.02826494140715174     -0.03596643743130808
-0.02797601223398843      -0.04662495222265509     0.08                     -3.605244898585229E-11   -0.02797601223398843     -0.0466249522226551
-0.02503437531887066      -0.05599165593676288     0.07999999999999999      -2.6566041551252564E-11  -0.02503437531887066     -0.05599165593676287
-0.02018430771094527      -0.05943367234220734     0.08                     -2.4848822286611783E-11  -0.02018430771094527     -0.05943367234220733
0.0011008114540289674     -0.005056958962976914    0.07999999999999999      -2.6517480044972104E-9   0.0011008114540289674    -0.005056958962976914
-6.320788146237655E-4     -0.00792501868403512     0.08                     -1.0574140811526333E-9   -6.320788146237655E-4    -0.00792501868403512
-0.021199101261266173     -0.014778057437754372    0.08                     -1.358762570517741E-10   -0.021199101261266173    -0.014778057437754372
-0.02011985154804706      -0.0232844546642811      0.07999999999999999      -1.0524932890581849E-10  -0.02011985154804706     -0.0232844546642811
-0.021172648793804528     -0.031887638962498376    0.08                     -7.286030870413649E-11   -0.021172648793804528    -0.031887638962498376
-0.014534669524970767     -0.013680316204027529    0.08                     -2.0059724729967991E-10  -0.014534669524970767    -0.013680316204027529
-0.009045528119077762     -0.012369655786155155    0.08000000000000002      -2.9657763645098086E-10  -0.00904552811907776     -0.012369655786155155
-0.005899200558146647     -0.011167677677616374    0.07999999999999999      -4.037156863601039E-10   -0.005899200558146647    -0.011167677677616374
-0.0031276955518033146    -0.009940182076936428    0.08                     -5.712446752669592E-10   -0.0031276955518033146   -0.009940182076936428
-0.001685602389184044     -0.00888845751997639     0.08000000000000002      -7.673684442968083E-10   -0.001685602389184044    -0.00888845751997639
6.372386010492261E-4      -0.006759463162713586    0.08                     -1.6390719180102912E-9   6.372386010492261E-4     -0.006759463162713586
4.0622444452598563E-4     -0.007723493022679009    0.08                     -1.1234488585159796E-9   4.0622444452598563E-4    -0.007723493022679009
0.0015640736394835937     -0.005534997378031099    0.07999999999999999      -1.847821561639671E-9    0.0015640736394835937    -0.005534997378031099
0.0011819470309486803     -0.00626970869441526     0.08000000000000002      -1.7464051887066196E-9   0.0011819470309486803    -0.00626970869441526
-0.001303126722528452     -7.053329952370208E-5    0.08                     -9.86798936215518E-10    -0.001303126722528452    -7.053329952370208E-5
-4.237041155731383E-4     -0.0015950723772460151   0.08                     -1.142688908871822E-9    -4.237041155731383E-4    -0.0015950723772460151
5.277983526661735E-4      -0.002502695512546199    0.08000000000000002      -1.3661284320921385E-9   5.277983526661735E-4     -0.002502695512546199
0.001149788684663245      0.004849399077371093     0.08                     -2.5599516564021605E-9   0.001149788684663245     0.004849399077371093
8.760244639050389E-4      0.003592521952358027     0.08                     -1.909175804829063E-9    8.760244639050389E-4     0.003592521952358027
0.0015304296317952895     0.005045179987510369     0.08                     -1.967251451180118E-9    0.0015304296317952895    0.005045179987510369
-6.465063467676335E-4     9.305391872801508E-4     0.08                     -1.0518856426686854E-9   -6.465063467676335E-4    9.305391872801508E-4
6.931392214799166E-4      0.0023900677162700043    0.08                     -1.3136475338434141E-9   6.931392214799166E-4     0.0023900677162700043
3.314831440587619E-4      0.0013445351267127453    0.08                     -1.1034878399899975E-9   3.314831440587619E-4     0.0013445351267127453
0.001223522990923067      -0.003927319434398259    0.08                     -1.939869018883643E-9    0.001223522990923067     -0.003927319434398259
0.0014994500415744412     -0.0029415209821518976   0.08000000000000002      -1.3392713205473119E-9   0.0014994500415744412    -0.0029415209821518976
-0.04338738939325384      0.03250760948047574      0.08                     -3.569402784362232E-11   -0.04338738939325383     0.03250760948047574
-0.04541705603745044      0.040765553797156115     0.08                     -2.6442364647217078E-11  -0.04541705603745044     0.04076555379715612
-0.0412298889247855       0.046755939408700556     0.08                     -2.496472797208086E-11   -0.0412298889247855      0.046755939408700556
6.898387408694334E-5      0.006815584620513945     0.08                     -1.6775595043107593E-9   6.898387408694334E-5     0.006815584620513945
0.0012285407588482518     0.005966549710750169     0.08                     -1.9336387345245695E-9   0.0012285407588482518    0.005966549710750169
0.001582264753144172      0.005502734202361671     0.08                     -1.8378161215323162E-9   0.001582264753144172     0.005502734202361671
-4.3226780294221626E-4    0.007880488928476863     0.08                     -1.0795738948886153E-9   -4.3226780294221626E-4   0.007880488928476863
0.0010419550951898567     0.006644073317573017     0.08                     -1.576058198245106E-9    0.0010419550951898567    0.006644073317573017
-0.01042847637952925      0.011271450346867565     0.08                     -2.8902677561397733E-10  -0.010428476379529249    0.011271450346867565
-0.015487975841000708     0.010932368037625137     0.08                     -2.1160073961704007E-10  -0.015487975841000706    0.010932368037625137
-0.020289601467346544     0.015621940090429262     0.08000000000000002      -1.381946446455585E-10   -0.020289601467346544    0.015621940090429262
-0.02206808834824434      0.022732922705363257     0.08                     -9.999535558058703E-11   -0.02206808834824434     0.022732922705363257
-0.006319738411174707     0.010148065995697675     0.08                     -4.2642075327163916E-10  -0.006319738411174709    0.010148065995697675
-0.0019466312110050267    0.009021863393392587     0.08                     -7.333086760114641E-10   -0.0019466312110050267   0.009021863393392587
-0.003491155544017008     0.010444381213885315     0.08                     -5.200648087150939E-10   -0.003491155544017008    0.010444381213885315
-4.6810699105183026E-4    0.009966577603590897     0.08                     -6.575464101168822E-10   -4.6810699105183026E-4   0.009966577603590897
-0.03250214867082077      0.03174626156144955      0.07999999999999999      -5.2205426234593536E-11  -0.03250214867082077     0.03174626156144955
-0.02372036413886215      0.030068329660269177     0.08                     -7.247440442301541E-11   -0.02372036413886215     0.030068329660269177
-0.020389161642578597     -0.041251604902417846    0.08                     -5.165803275889653E-11   -0.020389161642578594    -0.04125160490241785
-0.013922042522841998     -0.03598670506437854     0.08                     -7.249781082386407E-11   -0.013922042522842       -0.03598670506437854
-0.017877646024265056     -0.051457641136863554    0.08000000000000002      -3.614618966624811E-11   -0.017877646024265056    -0.05145764113686356
-0.01288981342151427      -0.059882358234885524    0.08                     -2.682417092125683E-11   -0.01288981342151427     -0.059882358234885524
-0.007381525770470108     -0.06241292302911        0.08                     -2.4865946194068724E-11  -0.007381525770470107    -0.06241292302911
-5.862638686708263E-5     -0.009028338408539532    0.07999999999999999      -8.008265986932257E-10   -5.862638686708263E-5    -0.009028338408539532
0.0017501592216583768     -0.004588803890539485    0.08                     -1.7323134376240724E-9   0.0017501592216583768    -0.004588803890539485
-0.014910202036707919     -0.020603967885295414    0.07999999999999999      -1.4334270987419725E-10  -0.01491020203670792     -0.020603967885295418
-0.014425612757503639     -0.028456756931702826    0.08                     -1.007548265162508E-10   -0.014425612757503639    -0.028456756931702826
-0.008921053128213523     -0.031830949022172525    0.08                     -9.550880548490375E-11   -0.008921053128213523    -0.031830949022172525
-0.008961595528063743     -0.01773622931990533     0.08                     -2.1045574588592802E-10  -0.008961595528063743    -0.01773622931990533
-0.005296703921603816     -0.014942302660091486    0.08000000000000002      -2.9895327321068627E-10  -0.005296703921603815    -0.014942302660091486
-0.00259418951895197      -0.01267129368140836     0.08000000000000002      -4.1372621764898224E-10  -0.00259418951895197     -0.01267129368140836
-9.883747030602873E-4     -0.010632311359095599    0.07999999999999999      -5.802689633567532E-10   -9.883747030602873E-4    -0.010632311359095599
0.0015253026266999758     -0.007241123213325193    0.08000000000000002      -1.1634877114229633E-9   0.0015253026266999758    -0.007241123213325193
0.001637583108603645      -0.008709516867429018    0.08                     -7.987157585703678E-10   0.001637583108603645     -0.008709516867429018
0.002822162143814134      -0.005433885737702281    0.07999999999999999      -1.143665799582662E-9    0.002822162143814134     -0.005433885737702281
0.0023217521436146756     -0.006407147355488037    0.08                     -1.1696008577947663E-9   0.0023217521436146756    -0.006407147355488037
0.0014202577270526727     -0.010501850917138206    0.07999999999999999      -5.799238612153082E-10   0.0014202577270526727    -0.010501850917138206
4.6887241400381946E-4     -1.9961918822929137E-4   0.08                     -1.0199334846557017E-9   4.6887241400381946E-4    -1.9961918822929137E-4
0.0011779451896641695     -0.0015267407217827156   0.07999999999999999      -1.0849006212072094E-9   0.0011779451896641695    -0.0015267407217827156
0.0016225478054535288     0.001197641655287185     0.08                     -1.016923295028926E-9    0.0016225478054535288    0.001197641655287185
0.001865128074049923      0.0029132610992642083    0.08                     -1.2421719061487566E-9   0.001865128074049923     0.0029132610992642083
0.0016611287265972698     0.004307782692496015     0.08                     -1.7402815087151081E-9   0.0016611287265972698    0.004307782692496015
0.0022894925731479533     0.005140234812545018     0.08                     -1.3826087953844508E-9   0.0022894925731479533    0.005140234812545018
0.00243662437601919       -0.0034853848603100604   0.08000000000000002      -1.1955889065830392E-9   0.00243662437601919      -0.0034853848603100604
0.0026447174167143137     -0.0020628282776739768   0.08                     -9.86432428432893E-10    0.0026447174167143137    -0.0020628282776739768
-0.03578704559232812      0.04089773087910224      0.08                     -3.5824885229568277E-11  -0.035787045592328114    0.04089773087910225
-0.03604300090246401      0.04926926418556587      0.08000000000000002      -2.669480419152895E-11   -0.03604300090246401     0.04926926418556587
-0.03079727747520359      0.054652708250499976     0.08000000000000002      -2.4725210409463372E-11  -0.03079727747520359     0.05465270825049997
9.807526561983887E-4      0.007877371211149294     0.08                     -1.0402897452154952E-9   9.807526561983887E-4     0.007877371211149294
0.0021075826252321198     0.006330182174690148     0.08                     -1.2662585971211777E-9   0.0021075826252321198    0.006330182174690148
7.510325227956978E-4      0.009200363391128473     0.07999999999999999      -7.596571265072926E-10   7.510325227956978E-4     0.009200363391128473
0.002162523385419942      0.007701679281739177     0.08000000000000002      -9.307910682143714E-10   0.002162523385419942     0.007701679281739177
0.001875581599828459      0.00910711679924657      0.08                     -7.22038193059087E-10    0.001875581599828459     0.00910711679924657
-0.007270116847355689     0.013068485507401029     0.07999999999999999      -3.153528830394283E-10   -0.00727011684735569     0.013068485507401029
-0.01159262115206407      0.015965155080197524     0.07999999999999999      -2.0882985592275375E-10  -0.011592621152064069    0.015965155080197524
-0.014898936823897362     0.021715314695967082     0.08000000000000002      -1.3597667050623005E-10  -0.014898936823897363    0.02171531469596708
-0.017607133551738253     0.02700248617372536      0.07999999999999999      -9.838098855295128E-11   -0.017607133551738253    0.02700248617372536
-0.004305091216421572     0.012785981509510394     0.08                     -3.7964082971230417E-10  -0.004305091216421572    0.012785981509510394
-0.002012524091033061     0.011515556560374451     0.08                     -4.905003792336325E-10   -0.002012524091033061    0.011515556560374451
0.00128808285976895       0.010577856116887621     0.08                     -5.785795373171814E-10   0.00128808285976895      0.010577856116887621
3.169135510842809E-4      0.012284250712664493     0.08                     -4.5785575097185414E-10  3.169135510842809E-4     0.012284250712664493
-0.024968692337201736     0.03783637439661116      0.08                     -5.2945555016402205E-11  -0.024968692337201736    0.03783637439661116
-0.016450168007882536     0.03371690322598651      0.08                     -7.605020217821309E-11   -0.01645016800788254     0.03371690322598651
-0.011273621393774108     -0.0445294607568167      0.07999999999999999      -5.21605011879817E-11    -0.011273621393774108    -0.04452946075681669
-0.006532829294016761     -0.03804512515547332     0.07999999999999999      -7.286366681752441E-11   -0.00653282929401676     -0.03804512515547332
-0.006787718400721998     -0.05400514813963251     0.08000000000000002      -3.634501994849605E-11   -0.006787718400721997    -0.05400514813963252
-8.013346276187715E-4     -0.06125944219325241     0.08                     -2.686974279543011E-11   -8.013346276187716E-4    -0.06125944219325241
0.005691680230077427      -0.0627394620975542      0.08                     -2.4676907140479428E-11  0.005691680230077427     -0.0627394620975542
0.003357957070952898      -0.004318065336071104    0.07999999999999999      -1.004831830535338E-9    0.003357957070952898     -0.004318065336071104
-0.007429329617621607     -0.0258840834110109      0.08                     -1.3404551342409367E-10  -0.007429329617621606    -0.025884083411010898
-0.0025351471818462704    -0.031568953194178406    0.08000000000000002      -1.0335958391982811E-10  -0.0025351471818462704   -0.031568953194178406
-0.003072926552110255     -0.02016185227527144     0.07999999999999999      -2.0830681717442858E-10  -0.003072926552110255    -0.02016185227527144
-7.204300705261468E-4     -0.016615051048682182    0.07999999999999999      -2.8487127339835547E-10  -7.204300705261468E-4    -0.016615051048682185
9.181497929459867E-4      -0.013063446311183759    0.07999999999999999      -4.1268549071292047E-10  9.181497929459867E-4     -0.013063446311183757
0.004085736825004439      -0.005207358916862928    0.08                     -8.432620976169539E-10   0.004085736825004439     -0.005207358916862928
0.0034983274875747088     -0.009490404554626151    0.08                     -5.896970362739117E-10   0.0034983274875747088    -0.009490404554626151
0.0030287334875106035     -0.00787288489439704     0.08                     -7.899091509150794E-10   0.0030287334875106035    -0.00787288489439704
0.003890467917612637      -0.00647923634917575     0.08                     -8.075009551073268E-10   0.003890467917612637     -0.00647923634917575
0.003920675919956571      -0.011787773260668911    0.08                     -4.315351980304073E-10   0.003920675919956571     -0.011787773260668911
0.005368949640366744      -0.010196480593123523    0.08000000000000002      -4.599208147410899E-10   0.005368949640366744     -0.010196480593123523
0.0026321585103314497     -7.978129744326545E-5    0.08000000000000002      -8.966070404763233E-10   0.0026321585103314497    -7.978129744326545E-5
0.0031081623754155435     0.0019297327780427795    0.08                     -9.109676181867546E-10   0.0031081623754155435    0.0019297327780427795
0.003117085582131491      0.003939188578038079     0.08000000000000002      -1.0494702972118546E-9   0.003117085582131491     0.003939188578038079
0.0035630723165064188     0.005645146626761882     0.08                     -9.274620442147281E-10   0.0035630723165064188    0.005645146626761882
0.004262825115556364      -0.0010541131465299919   0.08000000000000002      -7.662854628723613E-10   0.004262825115556364     -0.0010541131465299919
0.003962929553523432      -0.0028308204249569216   0.08                     -8.421999948721493E-10   0.003962929553523432     -0.0028308204249569216
-0.02659194191435258      0.047205264222004564     0.08000000000000002      -3.6392415839372274E-11  -0.026591941914352577    0.04720526422200456
-0.02488767080174316      0.05567168343990523      0.08                     -2.7017327429518366E-11  -0.02488767080174316     0.05567168343990523
-0.018765736346201076     0.05983088731823836      0.08                     -2.4956344501721463E-11  -0.018765736346201076    0.05983088731823836
0.0036224596535617236     0.007297441986269811     0.08                     -7.760334450336275E-10   0.0036224596535617236    0.007297441986269811
0.003452553569316806      0.009047885972161628     0.08                     -6.290125338799733E-10   0.003452553569316806     0.009047885972161628
0.0021316001007149234     0.01201355835984691      0.08                     -4.5666141484116933E-10  0.0021316001007149234    0.01201355835984691
0.0030204626899914024     0.010735404266231985     0.08                     -5.176850565648834E-10   0.0030204626899914024    0.010735404266231985
-0.0014742573373235507    0.015026839882747257     0.08                     -3.297006395751876E-10   -0.0014742573373235507   0.015026839882747254
-0.006070809221141522     0.016490103865615273     0.08000000000000002      -2.5593373280945927E-10  -0.006070809221141522    0.016490103865615276
-0.0076133156386312476    0.021337066438671073     0.08000000000000002      -1.7548915209759716E-10  -0.0076133156386312476   0.021337066438671073
-0.009874307924766356     0.027914980407049428     0.08                     -1.1471122344694493E-10  -0.009874307924766358    0.027914980407049428
0.0019260211709780962     0.01411775421126138      0.08                     -3.595758563720359E-10   0.0019260211709780962    0.01411775421126138
0.003817267767892877      0.012651785146370234     0.08                     -3.9556432034722456E-10  0.003817267767892877     0.012651785146370234
0.0046687913560533555     0.010766593696701257     0.08                     -4.600544071427538E-10   0.0046687913560533555    0.010766593696701257
-0.01691389501812153      0.04216233855158426      0.08                     -5.3134740270461046E-11  -0.01691389501812153     0.04216233855158425
-0.008965658893665938     0.03681679287400522      0.08000000000000002      -7.525576134063217E-11   -0.008965658893665936    0.03681679287400522
-0.0017685056998432295    -0.04558341135969379     0.08                     -5.304915453478998E-11   -0.0017685056998432292   -0.04558341135969379
0.0014488450528375978     -0.038285051058058024    0.08                     -7.394818119749623E-11   0.0014488450528375978    -0.038285051058058024
0.012173395500103965      -0.060173369374949284    0.08                     -2.664496801983819E-11   0.012173395500103963     -0.06017336937494928
0.0048834591664136725     -0.054136435380995496    0.08                     -3.647816025643432E-11   0.004883459166413673     -0.054136435380995496
0.018922663362011902      -0.060063704557008636    0.08                     -2.4615105777793768E-11  0.018922663362011902     -0.060063704557008636
0.004078205297164584      -0.03243426876159694     0.08                     -9.778166128194259E-11   0.004078205297164584     -0.03243426876159694
0.004991910897348604      -0.004134749099948022    0.08                     -7.265443401726993E-10   0.004991910897348604     -0.004134749099948022
0.0016240445229973675     -0.025664024056810647    0.08                     -1.453724471944733E-10   0.0016240445229973675    -0.025664024056810647
0.0020677608460167064     -0.019587061945234054    0.08000000000000002      -2.202639646502226E-10   0.0020677608460167064    -0.019587061945234054
0.004499674766040336      -0.01590796619788136     0.08                     -2.829219920865477E-10   0.004499674766040337     -0.01590796619788136
0.005627861662805985      -0.005917988700639365    0.07999999999999999      -6.274896708248007E-10   0.005627861662805985     -0.005917988700639365
0.005332292062878236      -0.00807510725166613     0.08                     -5.645395279293137E-10   0.005332292062878237     -0.00807510725166613
0.006811299380122229      -0.012308784446634961    0.08                     -3.4337954429423647E-10  0.0068112993801222295    -0.012308784446634961
0.0071581497680738085     -0.009769368291455652    0.08                     -4.0790744071620457E-10  0.0071581497680738085    -0.009769368291455652
0.004564233073285805      0.001064939324052494     0.08                     -7.386537057008696E-10   0.004564233073285805     0.001064939324052494
0.004376466626425778      0.0030366072629642096    0.07999999999999999      -7.952723869034889E-10   0.004376466626425778     0.0030366072629642096
0.0049011260006817416     0.004798703380048272     0.08                     -7.302807141030865E-10   0.0049011260006817416    0.004798703380048272
0.004997970495322097      0.006899870648012195     0.08                     -6.486592146636611E-10   0.004997970495322097     0.006899870648012195
0.006104024444470613      3.994458354135422E-5     0.08000000000000002      -6.180670254538544E-10   0.006104024444470613     3.994458354135422E-5
0.006102677085280922      -0.0023927412672229698   0.08000000000000002      -6.217049159108762E-10   0.006102677085280922     -0.0023927412672229698
-0.016070422992851614     0.05145237372002417      0.07999999999999999      -3.706848605980595E-11   -0.01607042299285161     0.05145237372002416
-0.012602321237435796     0.059527014332338195     0.08                     -2.7341433004716464E-11  -0.012602321237435795    0.059527014332338195
-0.006078844381194055     0.06241503932338884      0.08                     -2.504069418290906E-11   -0.006078844381194055    0.06241503932338884
0.004949620644217584      0.008828741630311845     0.07999999999999999      -5.476640547933378E-10   0.004949620644217584     0.008828741630311845
0.006411830541224767      0.008222051665651736     0.08                     -4.91453840808738E-10    0.006411830541224767     0.008222051665651736
0.001631804832645769      0.016599227032140812     0.08000000000000002      -2.826960738498872E-10   0.001631804832645769     0.016599227032140812
-0.0011209606641185005    0.019352616963291026     0.08                     -2.2603777383342808E-10  -0.0011209606641185005   0.019352616963291023
-0.0016782086492105192    0.025177612693312146     0.08000000000000002      -1.4982022425844856E-10  -0.0016782086492105192   0.025177612693312146
-0.003827863442869183     0.03168788387047712      0.07999999999999999      -1.0186809918892383E-10  -0.003827863442869183    0.03168788387047712
0.004908039498776329      0.015878057412667138     0.08                     -2.7997148806927565E-10  0.004908039498776329     0.015878057412667138
0.006170364684319609      0.013125488000208324     0.08000000000000002      -3.3398551258979115E-10  0.006170364684319609     0.013125488000208324
0.006541191801455116      0.01032936778420658      0.08                     -4.1312079002251536E-10  0.006541191801455115     0.01032936778420658
-0.007023608570113783     0.04422093147165046      0.08                     -5.4973197963312455E-11  -0.007023608570113783    0.04422093147165046
-5.67924766335888E-4      0.03709817747203941      0.08                     -7.844602248038809E-11   -5.67924766335888E-4     0.03709817747203941
0.007833721295333463      -0.04510349188104606     0.08                     -5.2604204925654314E-11  0.007833721295333463     -0.04510349188104606
0.009510927903681111      -0.036886725700823755    0.07999999999999999      -7.446813852796918E-11   0.009510927903681111     -0.03688672570082375
0.0158272657040442        -0.05191565984172533     0.08                     -3.6518249669361664E-11  0.0158272657040442       -0.05191565984172532
0.024392987905099212      -0.05602000037170506     0.08                     -2.6859092463673528E-11  0.024392987905099212     -0.05602000037170506
0.030760235120184325      -0.054824050666720185    0.08000000000000002      -2.4547797367933055E-11  0.030760235120184325     -0.05482405066672018
0.009145163896322854      -0.02884696303402464     0.07999999999999999      -1.1085003459158614E-10  0.009145163896322854     -0.028846963034024644
0.00791432264039756       -0.004038988476259289    0.08                     -4.940160497204145E-10   0.007914322640397558     -0.004038988476259289
0.008473952251174364      -0.021336794073676897    0.07999999999999999      -1.7148306065458578E-10  0.008473952251174364     -0.021336794073676894
0.01000675425143147       -0.015310232910630592    0.08000000000000002      -2.336777780964897E-10   0.01000675425143147      -0.015310232910630592
0.008616200468507987      -0.007439212825738083    0.08                     -4.089825660635372E-10   0.008616200468507987     -0.007439212825738083
0.010136304005424347      -0.01090025114236999     0.08000000000000002      -3.014900075511584E-10   0.010136304005424347     -0.01090025114236999
0.006716232270235836      0.002897826478685646     0.08                     -5.761871835271827E-10   0.006716232270235836     0.002897826478685646
0.007165359993968893      0.006284156466723929     0.08000000000000002      -5.045626924534984E-10   0.007165359993968892     0.006284156466723929
0.010737656549078243      -0.004116287630764451    0.08000000000000002      -3.71172688402537E-10    0.010737656549078243     -0.004116287630764451
0.009152615566005842      -3.5175848054606884E-4   0.08                     -4.477757123399715E-10   0.009152615566005842     -3.5175848054606884E-4
-1.4480985976277061E-5    0.06089579256861413      0.08000000000000002      -2.73556541748605E-11    -1.4480985976277061E-5   0.060895792568614125
-0.00494124027711584      0.05361849484233744      0.08                     -3.730235295837833E-11   -0.004941240277115839    0.05361849484233744
0.006909870377570106      0.0623932065161172       0.07999999999999999      -2.4968762717608603E-11  0.006909870377570106     0.0623932065161172
0.008584118958620598      0.008762073254160813     0.08                     -3.832440743945701E-10   0.0085841189586206       0.008762073254160813
0.004488116669002316      0.020850150221848475     0.08                     -1.9376383149844782E-10  0.0044881166690023165    0.02085015022184847
0.003449722677725614      0.02927543936398759      0.08000000000000002      -1.1650224942359775E-10  0.003449722677725614     0.029275439363987583
0.008099712177846451      0.016928726125762614     0.08                     -2.2972304515774888E-10  0.008099712177846453     0.016928726125762614
0.00894198194235676       0.012450268043877832     0.08                     -2.975133098588114E-10   0.008941981942356762     0.012450268043877832
0.002048995352393893      0.04511085493159461      0.08                     -5.410898529202992E-11   0.002048995352393893     0.04511085493159461
0.0063441137723296015     0.037462070282212864     0.08                     -7.503858915140685E-11   0.0063441137723296015    0.03746207028221287
0.010035782512721008      0.0314124320136919       0.08000000000000002      -9.59605711986805E-11    0.010035782512721008     0.0314124320136919
0.016756042005437725      -0.04261446543858237     0.08000000000000002      -5.2328745121997044E-11  0.01675604200543773      -0.042614465438582376
0.01668568256346116       -0.03395897610080945     0.08000000000000002      -7.479488584997658E-11   0.01668568256346116      -0.03395897610080945
0.026194287302528742      -0.04755037372207109     0.08                     -3.623100987662404E-11   0.02619428730252874      -0.0475503737220711
0.03536296902058872       -0.04971489673135987     0.08                     -2.6740210068199934E-11  0.03536296902058872      -0.04971489673135987
0.041292151825207624      -0.04710545877862636     0.08                     -2.458417221883501E-11   0.041292151825207624     -0.04710545877862636
0.015966895870655265      -0.025547552999245354    0.08000000000000002      -1.1009068709903821E-10  0.015966895870655265     -0.025547552999245354
0.015912718639652094      -0.01805382335124244     0.08                     -1.5435087284677707E-10  0.015912718639652098     -0.018053823351242445
0.01400647575080001       -0.012781707686126069    0.08                     -2.143310319650724E-10   0.01400647575080001      -0.01278170768612607
0.014232849065057576      -0.007480501328534582    0.08                     -2.564685532557903E-10   0.014232849065057576     -0.007480501328534582
0.010775924517389606      0.005318022391988864     0.08                     -3.603193584822628E-10   0.010775924517389608     0.005318022391988864
0.011502475509965155      0.01008449337188086      0.08                     -2.845875284799546E-10   0.011502475509965155     0.01008449337188086
0.014355806642396135      -0.0018487203293464857   0.08000000000000002      -2.812491773255874E-10   0.014355806642396135     -0.0018487203293464857
0.0140177337018116        0.002679019410488405     0.08                     -2.870632154397812E-10   0.0140177337018116       0.002679019410488405
0.006086395424292991      0.053618738857719984     0.08                     -3.7106561545441856E-11  0.006086395424292991     0.05361873885771999
0.01273117679511545       0.059597458280723374     0.08                     -2.722397452965066E-11   0.012731176795115451     0.059597458280723374
0.019847204139306844      0.05981299347828787      0.08                     -2.454932164573494E-11   0.019847204139306844     0.05981299347828787
0.010740819125300276      0.02299250124297672      0.08                     -1.460084270138262E-10   0.010740819125300274     0.02299250124297672
0.0134698735317967        0.015446210171330625     0.08                     -1.956529382017078E-10   0.013469873531796699     0.015446210171330629
0.011360192230180113      0.04424221795388615      0.07999999999999999      -5.2767835930841924E-11  0.011360192230180114     0.04424221795388616
0.015726286959137626      0.028138865716951338     0.08000000000000002      -9.867594041008708E-11   0.015726286959137626     0.02813886571695134
0.014010178661508423      0.03562076058674411      0.08                     -7.356615704538533E-11   0.01401017866150842      0.03562076058674412
0.024237335609684794      -0.030273825803866214    0.07999999999999999      -7.085533906253835E-11   0.024237335609684798     -0.030273825803866217
0.025111583205048516      -0.03825425785907652     0.08                     -5.197025956472291E-11   0.025111583205048516     -0.03825425785907652
0.0350477400614882        -0.04137647430249131     0.07999999999999999      -3.601946796493092E-11   0.0350477400614882       -0.04137647430249131
0.04387283539574335       -0.0411402876567023      0.07999999999999999      -2.7586780729574978E-11  0.04387283539574335      -0.0411402876567023
0.02337564263418146       -0.020748670632465868    0.08                     -1.0164888430916661E-10  0.02337564263418146      -0.020748670632465865
0.020007370288688067      -0.011817818235467008    0.08                     -1.5785420528020797E-10  0.020007370288688067     -0.011817818235467006
0.020263194245731288      -0.004388377352519582    0.08                     -1.8047671909591222E-10  0.020263194245731284     -0.004388377352519582
0.01609182301167238       0.008853577021610895     0.08                     -2.168011423119398E-10   0.01609182301167238      0.008853577021610895
0.01917594709887743       0.0020968756279389905    0.08                     -1.9815954312433883E-10  0.01917594709887743      0.0020968756279389905
0.017073293775751         0.05089248284612235      0.08000000000000002      -3.74089775734501E-11    0.017073293775751005     0.05089248284612235
0.02513277046439913       0.05565029499057886      0.08000000000000002      -2.691796662460909E-11   0.02513277046439913      0.05565029499057885
0.03198774539361594       0.05405863808519808      0.08                     -2.4602454707967435E-11  0.03198774539361594      0.05405863808519808
0.01690739895791583       0.021203549314446138     0.08000000000000002      -1.2921530856490312E-10  0.01690739895791583      0.021203549314446138
0.018524009258826208      0.015084207064566313     0.08                     -1.537192865250146E-10   0.018524009258826208     0.015084207064566313
0.0207624355356272        0.025210159694295943     0.08                     -9.547404472478472E-11   0.0207624355356272       0.025210159694295943
0.02019199355545934       0.04058793680743933      0.08                     -5.320011235176709E-11   0.02019199355545934      0.04058793680743933
0.02152793193326156       0.031920562588316194     0.08000000000000002      -7.202389584542808E-11   0.021527931933261555     0.031920562588316194
0.030223392995798085      -0.02626459505685183     0.08                     -6.621748632744924E-11   0.03022339299579808      -0.02626459505685183
0.032396555814410886      -0.03276415120665755     0.08                     -5.081500946224073E-11   0.032396555814410886     -0.03276415120665755
0.04814439465783203       -0.03583849565382036     0.08000000000000002      -2.7594334509186603E-11  0.04814439465783204      -0.03583849565382036
0.04072678304574723       -0.03472782672143242     0.08                     -3.6859896360069046E-11  0.04072678304574723      -0.034727826721432424
0.02756667646978376       -0.014708371283558008    0.08                     -1.0009561040435779E-10  0.02756667646978376      -0.014708371283558008
0.0322240119246905        -0.02011414206142014     0.08                     -7.220260352409456E-11   0.032224011924690495     -0.020114142061420145
0.026704227075018964      -0.008034925463552278    0.07999999999999999      -1.1865987310939374E-10  0.026704227075018964     -0.008034925463552278
0.026312351748682076      6.917208125056321E-4     0.08                     -1.284776737208673E-10   0.026312351748682076     6.917208125056321E-4
0.023291909464475125      0.009839343172996631     0.08000000000000002      -1.380780234487071E-10   0.023291909464475125     0.009839343172996631
0.02766354641124069       0.04638402249251539      0.08                     -3.661260330883101E-11   0.02766354641124069      0.04638402249251539
0.035916289855778716      0.04925623626263499      0.08                     -2.681047939620921E-11   0.035916289855778716     0.049256236262634985
0.042283016267618656      0.045967955770198965     0.07999999999999999      -2.4786176919354985E-11  0.042283016267618656     0.045967955770198965
0.024160169279251444      0.018122549790661392     0.08                     -1.0677040352767224E-10  0.02416016927925144      0.01812254979066139
0.02709222180600982       0.026240510544133823     0.08                     -7.394993010533488E-11   0.027092221806009818     0.02624051054413382
0.028058272474046818      0.03527274176833254      0.08                     -5.334317326226018E-11   0.02805827247404682      0.03527274176833254
0.03853669659395068       -0.025965373938374676    0.08                     -4.951483188819233E-11   0.03853669659395068      -0.025965373938374673
0.05236312118286437       -0.02994671776812414     0.08                     -2.7064426534300166E-11  0.05236312118286437      -0.029946717768124135
0.04596596765430511       -0.030427242733500018    0.08000000000000002      -3.42189726546799E-11    0.04596596765430511      -0.030427242733500014
0.056754869540452293      -0.025597781777346937    0.08000000000000002      -2.455062228016801E-11   0.056754869540452293     -0.02559778177734694
0.0326933838455952        -0.012454292022581304    0.08                     -8.264520305001266E-11   0.0326933838455952       -0.012454292022581304
0.039043424021459855      -0.018037812030096946    0.08                     -5.717466895848072E-11   0.039043424021459855     -0.018037812030096943
0.03232133516498672       -0.004896918743088181    0.07999999999999999      -9.19232524933977E-11    0.03232133516498672      -0.004896918743088181
0.033378352388968024      0.0015316754307212813    0.08                     -8.855022361683519E-11   0.033378352388968024     0.0015316754307212813
0.0306061165355313        0.007845636974821352     0.08000000000000002      -9.753516320823843E-11   0.0306061165355313       0.007845636974821352
0.029263904469783008      0.013974587762968574     0.08000000000000002      -9.418646764872672E-11   0.029263904469783008     0.013974587762968574
0.036713933807913095      0.03958518191434821      0.08                     -3.63244572713927E-11    0.036713933807913095     0.03958518191434821
0.045224665980126505      0.04062940527863185      0.08                     -2.6732813775454585E-11  0.045224665980126505     0.04062940527863185
0.0317844041581757        0.020247040776243785     0.07999999999999999      -7.332066991371292E-11   0.03178440415817569      0.020247040776243785
0.03503177170896768       0.028657507691882238     0.08000000000000002      -5.238333750562509E-11   0.03503177170896768      0.02865750769188224
0.048629303725772954      -0.021811254855419675    0.08                     -3.680105164620173E-11   0.048629303725772954     -0.021811254855419678
0.05761531057656356       -0.018918448219773808    0.08000000000000002      -2.6468994667879577E-11  0.05761531057656356      -0.01891844821977381
0.038679373116069206      -0.009631595126055721    0.08                     -6.546573817923328E-11   0.038679373116069206     -0.009631595126055721
0.04462532557405097       -0.012988020036396541    0.08                     -4.897916145733616E-11   0.04462532557405097      -0.012988020036396541
0.060842311850650255      -0.013715579740832193    0.08                     -2.4263861803808038E-11  0.060842311850650255     -0.013715579740832193
0.03905062287170058       -0.0013743096940297267   0.08000000000000002      -6.768313665426448E-11   0.03905062287170058      -0.0013743096940297267
0.03772622195852454       0.005685823075166692     0.08                     -7.072217462488763E-11   0.03772622195852454      0.005685823075166692
0.03559134033478331       0.013459131870001431     0.08                     -7.14146914579182E-11    0.03559134033478331      0.013459131870001431
0.0508109886714712        0.03608093041834738      0.08000000000000002      -2.4696858310929025E-11  0.0508109886714712       0.03608093041834738
0.04410539402651545       0.030875880642957612     0.08                     -3.62031193548206E-11    0.04410539402651544      0.030875880642957605
0.040203340731002776      0.021124944861974193     0.07999999999999999      -5.160237910238213E-11   0.04020334073100278      0.021124944861974193
0.05326457998771586       -0.011755470682340834    0.08                     -3.469013813972414E-11   0.053264579987715846     -0.011755470682340832
0.04607627540249147       -0.0055733175589542105   0.08                     -4.8975552995724614E-11  0.04607627540249148      -0.0055733175589542105
0.060799287265678126      -0.006572475849606803    0.08                     -2.5711888103234042E-11  0.060799287265678126     -0.006572475849606803
0.04530720156423791       0.003288467289799528     0.08                     -5.105723187809202E-11   0.045307201564237905     0.003288467289799528
0.04361289543545484       0.012504284908107191     0.08                     -5.1387006273403407E-11  0.04361289543545483      0.012504284908107191
0.05294480497630647       0.02992062218375699      0.08000000000000002      -2.6441260237564936E-11  0.05294480497630647      0.02992062218375699
0.04970282406281985       0.02106816611113524      0.08000000000000002      -3.572379827517017E-11   0.049702824062819846     0.02106816611113524
0.054279064945014305      -8.408264495954818E-4    0.08                     -3.499807877510965E-11   0.05427906494501432      -8.408264495954818E-4
0.06284340720529809       -7.492856149786467E-4    0.08000000000000002      -2.3625903172624632E-11  0.06284340720529809      -7.492856149786467E-4
0.05303150251707298       0.010338935745748484     0.08000000000000002      -3.544555631095282E-11   0.05303150251707299      0.010338935745748484
0.05758185949216102       0.02484612288133306      0.08                     -2.3989402446159716E-11  0.05758185949216101      0.02484612288133306
0.05811054308661315       0.018514089490960436     0.08                     -2.6013748255857004E-11  0.05811054308661314      0.018514089490960436
0.060845251463501865      0.005919695357225897     0.08                     -2.5741857211547082E-11  0.06084525146350186      0.005919695357225897
0.06165211173893639       0.012397336808020618     0.08                     -2.3628754762705866E-11  0.06165211173893639      0.012397336808020618
