% Model:              pcal_mirror_deformation_3d_2beams.mph
% Version:            COMSOL 5.6.0.401
% Date:               Nov 26 2025, 09:58
% Dimension:          3
% Nodes:              619
% Expressions:        3
% Description:        Displacement field, Z component, x-coordinate, y-coordinate
% Length unit:        m
% X                       Y                        Z                        w (m)                    x (m)                    y (m)
-0.06495177554317576      -0.037499966716002406    0.08                     -4.49521576897046E-12    -0.06495177554317576     -0.037499966716002406
-0.06067625057185087      -0.04408391809753979     0.07999999999999997      -4.671794613968636E-12   -0.060676250571850866    -0.04408391809753979
-0.057518291628994925     -0.03673312846921797     0.08                     -8.249836413917312E-12   -0.05751829162899492     -0.03673312846921797
-0.060874510047952975     -0.030919547616198112    0.08                     -8.060211560353802E-12   -0.060874510047952975    -0.030919547616198112
-0.06851583108803186      -0.030505261385574422    0.07999999999999999      -4.341104246084408E-12   -0.06851583108803186     -0.030505261385574422
-0.05309576546569848      -0.042834552612047994    0.08                     -8.481223618982897E-12   -0.05309576546569849     -0.042834552612047994
-0.05573575828807775      -0.050184747272377414    0.08                     -4.853901832365462E-12   -0.05573575828807775     -0.05018474727237741
-0.05018470437959347      -0.0557357969065981      0.08000000000000002      -5.047198110670738E-12   -0.05018470437959347     -0.0557357969065981
-0.048741629395203066     -0.047836819469732894    0.08                     -8.638947539186431E-12   -0.048741629395203066    -0.047836819469732894
-0.0713292096594843       -0.023176311611205702    0.07999999999999997      -4.213817717333965E-12   -0.0713292096594843      -0.023176311611205702
-0.06356703886403839      -0.023983553578795606    0.08                     -8.077786056095972E-12   -0.06356703886403837     -0.02398355357879561
-0.06589788879726344      -0.017776412423541714    0.08                     -7.796912844667483E-12   -0.06589788879726344     -0.017776412423541717
-0.07335999609166174      -0.015593239986274841    0.07999999999999997      -4.124631465530835E-12   -0.07335999609166174     -0.015593239986274841
-0.04325604492091087      -0.05291744132418884     0.07999999999999999      -8.839797033527113E-12   -0.04325604492091087     -0.052917441324188845
-0.04408387140455927      -0.06067628449743351     0.08000000000000002      -5.23789236548719E-12    -0.04408387140455927     -0.06067628449743351
-0.03749991673258768      -0.0649518044021882      0.07999999999999999      -5.417042996679485E-12   -0.03749991673258768     -0.0649518044021882
-0.037449612660842166     -0.05663369613637447     0.08                     -9.295780065206166E-12   -0.03744961266084217     -0.05663369613637447
-3.5355325455433285E-4    -0.010353553526632163    0.08                     -2.5979744019557875E-9   -3.5355325455433285E-4   -0.010353553526632163
-5.0E-4                   -0.01                    0.08                     -2.5994284325998256E-9   -5.0E-4                  -0.01
-9.572061012476096E-4     -0.010493060902059155    0.08                     -1.2171528263122705E-9   -9.572061012476096E-4    -0.010493060902059155
-3.535535266321616E-4     -0.009646446745445666    0.08                     -2.6120903740029106E-9   -3.535535266321616E-4    -0.009646446745445666
-9.369312489215763E-4     -0.009409586322285675    0.08000000000000002      -1.178306412946405E-9    -9.369312489215763E-4    -0.009409586322285675
-0.07458787050279471      -0.007839467289912918    0.07999999999999997      -4.066747025518929E-12   -0.07458787050279471     -0.007839467289912918
-0.06715241274509254      -0.010550897418381618    0.08                     -7.854468873342893E-12   -0.06715241274509254     -0.010550897418381618
-0.06813409423787167      -0.0035053560233670455   0.08                     -7.681700940457615E-12   -0.06813409423787166     -0.0035053560233670455
-0.075                    0                        0.08                     -4.048384232264961E-12   -0.075                   0
-0.03145817667317977      -0.060759195045930574    0.08                     -9.206616936628372E-12   -0.03145817667317977     -0.060759195045930574
-0.030505208658311148     -0.0685158545617348      0.08                     -5.578766787850168E-12   -0.030505208658311148    -0.0685158545617348
-0.023176256720120806     -0.07132922749615196     0.08                     -5.7075949362382785E-12  -0.023176256720120806    -0.07132922749615196
-0.025066821627520566     -0.06314740687325945     0.08                     -9.638716134801048E-12   -0.025066821627520563    -0.06314740687325947
-4.194815350618171E-4     -0.01099969238273641     0.08000000000000002      -1.1981293021663375E-9   -4.194815350618171E-4    -0.010999692382736412
0                         -0.0105                  0.08                     -2.670798573636621E-9    0                        -0.0105
3.747421019504593E-4      -0.010938997873845654    0.08                     -1.2823807602925146E-9   3.747421019504593E-4     -0.010938997873845654
3.5355352663216284E-4     -0.010353553254554332    0.08                     -2.6032727728356566E-9   3.535535266321629E-4     -0.010353553254554332
0                         -0.0095                  0.08                     -2.696421721792665E-9    0                        -0.0095
-2.4149145522389323E-4    -0.008952148764827812    0.08                     -1.1961824100520242E-9   -2.4149145522389323E-4   -0.008952148764827812
3.53553254554332E-4       -0.00964644647336784     0.08                     -2.5970919918992825E-9   3.53553254554332E-4      -0.00964644647336784
5.15177416138532E-4       -0.009138610097622263    0.08                     -1.2912194605874565E-9   5.15177416138532E-4      -0.009138610097622263
8.06136192488538E-4       -0.010475729250784944    0.08                     -1.3750171379884708E-9   8.06136192488538E-4      -0.010475729250784944
5.0E-4                    -0.01                    0.08                     -2.644272029928808E-9    5.0E-4                   -0.01
-5.0E-4                   0.01                     0.08                     -2.659372877461901E-9    -5.0E-4                  0.01
-0.0010617511658850935    0.009707367310086368     0.08                     -1.1672574756396823E-9   -0.0010617511658850935   0.009707367310086368
-3.53553254554332E-4      0.00964644647336784      0.08                     -2.60629875654767E-9     -3.53553254554332E-4     0.00964644647336784
-0.07458908596708065      0.007839626105999796     0.08                     -4.064018190661307E-12   -0.07458908596708065     0.007839626105999796
-0.06780394896913287      0.00380320938479263      0.08000000000000002      -7.84711855750617E-12    -0.06780394896913287     0.00380320938479263
-0.06737725714992433      0.010914254048603737     0.08                     -7.712097204210775E-12   -0.06737725714992433     0.010914254048603737
-0.07336097335751122      0.015593346475658632     0.08000000000000002      -4.124585244430467E-12   -0.07336097335751122     0.015593346475658632
-0.01822685244583222      -0.06599835397647913     0.08                     -9.480502652515594E-12   -0.01822685244583222     -0.06599835397647913
-0.015593346475658632     -0.07336097335751122     0.08000000000000002      -5.813459587531889E-12   -0.015593346475658632    -0.07336097335751122
-0.007839626105999796     -0.07458908596708065     0.08                     -5.876773650674321E-12   -0.007839626105999796    -0.07458908596708065
-0.011548286725626281     -0.0672169356336254      0.08000000000000002      -9.724896931766603E-12   -0.011548286725626281    -0.0672169356336254
9.507377318357484E-4      -0.009565924903870981    0.07999999999999999      -1.2528116979486352E-9   9.507377318357484E-4     -0.009565924903870981
-4.2173746961946326E-4    0.008982312006840854     0.08                     -1.1873689665042667E-9   -4.2173746961946326E-4   0.008982312006840854
0                         0.0095                   0.08                     -2.6457866393787995E-9   0                        0.0095
-3.5355352663216284E-4    0.010353553254554332     0.08                     -2.578768744956239E-9    -3.5355352663216284E-4   0.010353553254554332
-9.215532786415181E-4     0.010543294085840468     0.08                     -1.2018915002333974E-9   -9.215532786415181E-4    0.010543294085840468
3.197733034125405E-4      0.009078787130920266     0.08                     -1.3179111722652191E-9   3.197733034125405E-4     0.009078787130920266
3.535535266321616E-4      0.009646446745445666     0.08                     -2.602863459312522E-9    3.535535266321616E-4     0.009646446745445666
-0.07132922749615196      0.023176256720120806     0.08                     -4.211293250366413E-12   -0.07132922749615196     0.023176256720120806
-0.06555571699477077      0.017891275728284264     0.08                     -7.95695734870897E-12    -0.06555571699477077     0.017891275728284264
-0.06364532294338138      0.024684271967112828     0.08                     -7.914115625923486E-12   -0.06364532294338138     0.024684271967112828
-0.0685158545617348       0.030505208658311148     0.08                     -4.33802167679496E-12    -0.0685158545617348      0.030505208658311148
0                         -0.075                   0.08                     -5.897509198229281E-12   0                        -0.075
-0.0041110709108783125    -0.0682158012470714      0.08                     -9.703677371323943E-12   -0.0041110709108783125   -0.0682158012470714
0.007839467289912918      -0.07458787050279471     0.07999999999999997      -5.87608133487061E-12    0.007839467289912918     -0.07458787050279471
0.0026705031002392        -0.06825320418266423     0.08000000000000002      -9.727049962732634E-12   0.0026705031002392       -0.06825320418266423
0                         0.0105                   0.08                     -2.6601220032320808E-9   0                        0.0105
-1.3962513936890616E-4    0.010921000910675965     0.08                     -1.3561154058841047E-9   -1.3962513936890616E-4   0.010921000910675965
8.273512086743075E-4      0.00943786795185058      0.08                     -1.2813167319330191E-9   8.273512086743075E-4     0.00943786795185058
5.0E-4                    0.01                     0.08                     -2.6463831210710607E-9   5.0E-4                   0.01
3.5355325455433285E-4     0.010353553526632163     0.08                     -2.5698362255759186E-9   3.5355325455433285E-4    0.010353553526632163
5.917834444389182E-4      0.010887364804616106     0.07999999999999999      -1.2210010283070513E-9   5.917834444389182E-4     0.010887364804616106
0.0010194964656326834     0.010233242960649785     0.08                     -1.2206971797401236E-9   0.0010194964656326834    0.010233242960649785
-0.0649518044021882       0.03749991673258768      0.07999999999999999      -4.489838283082664E-12   -0.0649518044021882      0.03749991673258768
-0.060414541070584485     0.03142427372270545      0.08                     -8.167295959922045E-12   -0.06041454107058448     0.03142427372270545
-0.05711672843379949      0.03721878729724344      0.08                     -8.302928200534543E-12   -0.057116728433799495    0.037218787297243434
-0.06067628449743351      0.04408387140455927      0.08000000000000002      -4.660873876560349E-12   -0.06067628449743351     0.04408387140455927
0.015593239986274841      -0.07335999609166174     0.07999999999999997      -5.812691673130255E-12   0.015593239986274841     -0.07335999609166174
0.010073091679786319      -0.06763700390240442     0.08                     -9.635027759280366E-12   0.010073091679786319     -0.06763700390240442
0.023176311611205702      -0.0713292096594843      0.07999999999999997      -5.707353961365146E-12   0.023176311611205702     -0.0713292096594843
0.016963741608739244      -0.06604483489918272     0.08000000000000002      -9.657425965438173E-12   0.016963741608739244     -0.06604483489918272
-0.0557357969065981       0.05018470437959347      0.08000000000000002      -4.850816506037689E-12   -0.0557357969065981      0.05018470437959347
-0.052553634537253965     0.04306073792035969      0.08                     -8.637895415452E-12      -0.05255363453725397     0.04306073792035969
-0.050184747272377414     0.05573575828807775      0.08                     -5.042662295162802E-12   -0.05018474727237741     0.05573575828807775
-0.047779218410381664     0.04849710186603937      0.08                     -8.78525981256924E-12    -0.047779218410381664    0.04849710186603937
0.030505261385574422      -0.06851583108803186     0.07999999999999999      -5.577131179656652E-12   0.030505261385574422     -0.06851583108803186
0.024105485346246566      -0.06371227071089258     0.08                     -9.55449329388242E-12    0.024105485346246566     -0.06371227071089258
0.037499966716002406      -0.06495177554317576     0.08                     -5.414717528050854E-12   0.037499966716002406     -0.06495177554317576
0.030178073269856137      -0.06098759878945663     0.08000000000000002      -9.439723777979055E-12   0.030178073269856137     -0.060987598789456636
-0.04408391809753979      0.06067625057185087      0.07999999999999997      -5.234954617184597E-12   -0.04408391809753979     0.060676250571850866
-0.04211915228443949      0.05300912340613177      0.07999999999999999      -9.215686586928457E-12   -0.04211915228443949     0.05300912340613178
-0.037499966716002406     0.06495177554317576      0.08                     -5.409255137011399E-12   -0.037499966716002406    0.06495177554317576
-0.03657684480872979      0.05723917465082873      0.08                     -9.299551003810763E-12   -0.036576844808729796    0.05723917465082873
0.04408391809753979       -0.06067625057185087     0.07999999999999997      -5.232510322772621E-12   0.04408391809753979      -0.060676250571850866
0.0368751543364258        -0.057335412652355616    0.08                     -9.164692424055908E-12   0.0368751543364258       -0.05733541265235562
0.050184747272377414      -0.05573575828807775     0.08                     -5.03947334352855E-12    0.05018474727237741      -0.05573575828807775
0.042149107094987086      -0.05324117656635251     0.07999999999999999      -9.111392701234838E-12   0.042149107094987086     -0.053241176566352515
-0.030505261385574422     0.06851583108803186      0.07999999999999999      -5.571932026875819E-12   -0.030505261385574422    0.06851583108803186
-0.030193198393437207     0.06046105108674056      0.08                     -9.689639087481466E-12   -0.030193198393437207    0.060461051086740554
-0.023176311611205702     0.0713292096594843       0.07999999999999997      -5.704606189670179E-12   -0.023176311611205702    0.0713292096594843
-0.023936019258262355     0.063627688585846        0.08                     -9.630664595215717E-12   -0.023936019258262355    0.063627688585846
0.0557357969065981        -0.05018470437959347     0.08000000000000002      -4.851112033431724E-12   0.0557357969065981       -0.05018470437959347
0.047913155755866174      -0.04803411823427434     0.08                     -8.905918299957965E-12   0.04791315575586618      -0.04803411823427434
-0.015593239986274841     0.07335999609166174      0.07999999999999997      -5.807744207499216E-12   -0.015593239986274841    0.07335999609166174
-0.01697680358319312      0.06540633056992719      0.08                     -9.996114171945835E-12   -0.01697680358319312     0.06540633056992719
-0.007839467289912918     0.07458787050279471      0.07999999999999997      -5.86258724814275E-12    -0.007839467289912918    0.07458787050279471
-0.010470747802835169     0.0672122999219797       0.08                     -9.83173222684274E-12    -0.010470747802835169    0.0672122999219797
0.06067628449743351       -0.04408387140455927     0.08000000000000002      -4.663302553293041E-12   0.06067628449743351      -0.04408387140455927
0.05190801495389981       -0.042864473457547486    0.07999999999999999      -8.991239237353996E-12   0.0519080149538998       -0.042864473457547486
0                         0.075                    0.08                     -5.8901997052459955E-12  0                        0.075
-0.003253867371574841     0.0676529462047038       0.08                     -1.0042169200898845E-11  -0.003253867371574841    0.0676529462047038
0.007839626105999796      0.07458908596708065      0.08                     -5.868947963083958E-12   0.007839626105999796     0.07458908596708065
0.0037853321365726236     0.06790053409542819      0.08                     -9.882397188374527E-12   0.0037853321365726236    0.06790053409542819
0.0649518044021882        -0.03749991673258768     0.07999999999999999      -4.4875108411452705E-12  0.0649518044021882       -0.03749991673258768
0.05613853552569989       -0.037251405275821534    0.07999999999999999      -8.751679231070937E-12   0.0561385355256999       -0.03725140527582154
0.0685158545617348        -0.030505208658311148    0.08                     -4.3388917707178375E-12  0.0685158545617348       -0.030505208658311148
0.059629768536620616      -0.03122088637095677     0.08                     -8.59827815694724E-12    0.059629768536620616     -0.03122088637095677
0.015593346475658632      0.07336097335751122      0.08000000000000002      -5.802624330424196E-12   0.015593346475658632     0.07336097335751122
0.010756097774856033      0.06674522060614696      0.08                     -1.0059099104424244E-11  0.010756097774856033     0.06674522060614696
0.07132922749615196       -0.023176256720120806    0.08                     -4.213117514058489E-12   0.07132922749615196      -0.023176256720120806
0.06335481715361407       -0.02444994264454345     0.08                     -8.101922276399068E-12   0.06335481715361407      -0.02444994264454345
0.023176256720120806      0.07132922749615196      0.08                     -5.708609328496104E-12   0.023176256720120806     0.07132922749615196
0.01792615172604735       0.06559947101928167      0.08                     -9.737583089341367E-12   0.01792615172604735      0.06559947101928167
0.07336097335751122       -0.015593346475658632    0.08000000000000002      -4.120517953265867E-12   0.07336097335751122      -0.015593346475658632
0.06506264332915625       -0.01828817789788307     0.07999999999999999      -8.163245456534847E-12   0.06506264332915625      -0.018288177897883066
0.030505208658311148      0.0685158545617348       0.08                     -5.572114638939965E-12   0.030505208658311148     0.0685158545617348
0.024533453102062508      0.06299152723812705      0.08                     -9.829564154303601E-12   0.024533453102062508     0.06299152723812705
0.07458908596708065       -0.007839626105999796    0.08                     -4.066985127927109E-12   0.07458908596708065      -0.007839626105999796
0.06683256795110909       -0.011308450283931265    0.08                     -7.962769616481498E-12   0.06683256795110909      -0.011308450283931265
0.03749991673258768       0.0649518044021882       0.07999999999999999      -5.406880958921555E-12   0.03749991673258768      0.0649518044021882
0.03132823235870794       0.06025897686353123      0.08                     -9.473411367554154E-12   0.03132823235870794      0.06025897686353123
0.075                     0                        0.08                     -4.047764492527346E-12   0.075                    0
0.06762945253640645       -0.004039231918487304    0.08                     -7.932128441626623E-12   0.06762945253640645      -0.004039231918487304
0.04408387140455927       0.06067628449743351      0.08000000000000002      -5.2292865007056556E-12  0.04408387140455927      0.06067628449743351
0.037186967786486134      0.05618571214293553      0.08                     -9.57250963929446E-12    0.037186967786486134     0.05618571214293553
0.07458787050279471       0.007839467289912918     0.07999999999999997      -4.060008274607078E-12   0.07458787050279471      0.007839467289912918
0.06781869451103832       0.003032491229496566     0.08                     -7.857161007228946E-12   0.06781869451103832      0.003032491229496566
0.05018470437959347       0.0557357969065981       0.08000000000000002      -5.0372869969212125E-12  0.05018470437959347      0.0557357969065981
0.04302849516713927       0.05241265501301682      0.08                     -9.120872804010338E-12   0.04302849516713927      0.05241265501301682
0.07335999609166174       0.015593239986274841     0.07999999999999997      -4.119614832690878E-12   0.07335999609166174      0.015593239986274841
0.06690079576383262       0.009769401842681324     0.08                     -8.039235468554921E-12   0.06690079576383262      0.009769401842681324
0.05573575828807775       0.050184747272377414     0.08                     -4.8442138177278116E-12  0.05573575828807775      0.05018474727237741
0.04810359997771038       0.04707710892227163      0.08                     -9.166058569042326E-12   0.04810359997771038      0.04707710892227163
0.0713292096594843        0.023176311611205702     0.07999999999999997      -4.2122021773428055E-12  0.0713292096594843       0.023176311611205702
0.06546320318644464       0.016660979909117996     0.08                     -8.152923661283706E-12   0.06546320318644462      0.016660979909117996
0.06067625057185087       0.04408391809753979      0.07999999999999997      -4.659548931430251E-12   0.060676250571850866     0.04408391809753979
0.052846395922055284      0.042119998906898104     0.08                     -8.808524795702376E-12   0.05284639592205529      0.042119998906898104
0.06851583108803186       0.030505261385574422     0.07999999999999999      -4.337430824130168E-12   0.06851583108803186      0.030505261385574422
0.06337394015249512       0.023654255970679675     0.08                     -8.227458690308658E-12   0.0633739401524951       0.023654255970679675
0.06495177554317576       0.037499966716002406     0.08                     -4.488177452661917E-12   0.06495177554317576      0.037499966716002406
0.060526004664010286      0.0300978082806787       0.08000000000000002      -8.402982940050269E-12   0.06052600466401028      0.030097808280678703
0.057000708973653336      0.036113485918584765     0.08                     -8.650470768217229E-12   0.057000708973653336     0.036113485918584765
-1.6857790531258826E-4    -0.010159104357469858    0.08                     -6.477243243179246E-9    -1.6857790531258826E-4   -0.010159104357469858
-1.3231644978741218E-4    -0.009879142127553161    0.08                     -7.894869675268408E-9    -1.3231644978741215E-4   -0.009879142127553161
1.21007613604359E-4       -0.010123057635117165    0.08                     -8.050852371902704E-9    1.21007613604359E-4      -0.010123057635117165
1.6128947713530748E-4     -0.009837412710285383    0.08                     -6.507527579296375E-9    1.6128947713530748E-4    -0.009837412710285383
-1.2762795172777182E-4    0.009868725864268417     0.08                     -7.755671425396542E-9    -1.2762795172777182E-4   0.009868725864268417
-1.638116032552888E-4     0.010159128259984414     0.08                     -6.520482074706498E-9    -1.638116032552888E-4    0.010159128259984414
1.5631976943519072E-4     0.009832054274786565     0.08                     -6.492182662717849E-9    1.5631976943519072E-4    0.009832054274786565
1.200886876183969E-4      0.010122230837884758     0.08                     -8.066990272603942E-9    1.2008868761839688E-4    0.010122230837884758
-0.05120635715405911      -0.0368620173857062      0.08                     -1.1178947645987333E-11  -0.0512063571540591      -0.0368620173857062
-0.05284865121206449      -0.030499569740418044    0.08                     -1.2155475264061827E-11  -0.052848651212064494    -0.03049956974041804
-0.05767022913720911      -0.02533179787565263     0.08                     -1.0837171122416587E-11  -0.05767022913720911     -0.02533179787565263
-0.04387406861357706      -0.03156747698704991     0.08000000000000002      -1.6797213177551136E-11  -0.04387406861357706     -0.03156747698704992
-0.045511090771312795     -0.04076951397233325     0.08                     -1.2574189858461822E-11  -0.045511090771312795    -0.04076951397233325
-0.04259323138963148      -0.04658018455932877     0.08                     -1.1635874984964474E-11  -0.04259323138963148     -0.04658018455932877
-0.001285287048546302     -0.010131931272173308    0.07999999999999999      -1.0239022484019578E-9   -0.001285287048546302    -0.010131931272173308
-0.0017643092493991423    -0.010594122471129341    0.07999999999999999      -7.084629364727402E-10   -0.0017643092493991423   -0.010594122471129341
-0.0015190542292369373    -0.011218298925564842    0.08                     -6.814157073783463E-10   -0.0015190542292369373   -0.011218298925564842
-0.0027161898674970715    -0.011357621328790896    0.08                     -4.420547376413062E-10   -0.0027161898674970715   -0.011357621328790896
-0.00203236065002561      -0.011888990351171358    0.08                     -4.80449817829087E-10    -0.00203236065002561     -0.011888990351171358
-0.0012365402740697994    -0.009701266808707927    0.08                     -1.048018732902606E-9    -0.0012365402740697994   -0.009701266808707927
-0.049235624711953356     -0.021296109096930804    0.08000000000000002      -1.6537864589112326E-11  -0.049235624711953356    -0.021296109096930804
-0.040082217063848305     -0.021278365451075587    0.08                     -2.3686069747046315E-11  -0.0400822170638483      -0.021278365451075587
-0.05811223643206444      -0.018718571242407257    0.08                     -1.1764810301704305E-11  -0.05811223643206443     -0.018718571242407254
-0.06182295221931439      -0.013067890629494046    0.08                     -1.0466289010828851E-11  -0.06182295221931439     -0.013067890629494044
-0.043815573227360315     -0.012897974168629193    0.08                     -2.2821051794496446E-11  -0.043815573227360315    -0.012897974168629195
-0.034847968329204684     -0.029746623816369847    0.08000000000000002      -2.4108386450599895E-11  -0.03484796832920468     -0.029746623816369843
-0.03192472807861296      -0.02080997358729786     0.08                     -3.3155645602784605E-11  -0.03192472807861296     -0.02080997358729786
-0.036072086233960125     -0.04950553432736675     0.08                     -1.2994622792375495E-11  -0.036072086233960125    -0.049505534327366756
-0.03669390546933898      -0.03997997467947835     0.08                     -1.725139434310114E-11   -0.03669390546933898     -0.03997997467947834
-0.03205048124615067      -0.05410227263167258     0.08                     -1.2238808614682703E-11  -0.03205048124615067     -0.054102272631672575
-0.026897387710123385     -0.02682759727962855     0.08                     -3.4761512828189817E-11  -0.02689738771012339     -0.02682759727962855
-0.001069050196889531     -0.011909506408581759    0.07999999999999999      -6.044167128392592E-10   -0.001069050196889531    -0.011909506408581759
-0.0030496558539239785    -0.010305245964504897    0.08                     -4.4052951593844244E-10  -0.0030496558539239785   -0.010305245964504897
-0.0037960668407180445    -0.011341213284121729    0.07999999999999999      -3.389199938271408E-10   -0.0037960668407180445   -0.011341213284121729
-0.004853619895153444     -0.010386101491090143    0.08                     -2.853576122641814E-10   -0.004853619895153444    -0.010386101491090143
-0.0019019222813255257    -0.00979423095592536     0.07999999999999999      -6.984123485695407E-10   -0.0019019222813255257   -0.00979423095592536
-0.0026110681522869585    -0.009234909659371023    0.08                     -4.9507826046406E-10     -0.0026110681522869585   -0.009234909659371023
-6.0928417463103E-4       -0.009004370767499242    0.08                     -1.1376520168539645E-9   -6.0928417463103E-4      -0.009004370767499242
2.4166008806954242E-4     -0.008897854380061292    0.08                     -1.1651445065842898E-9   2.4166008806954242E-4    -0.008897854380061292
-0.0054113772331927       -0.012340719127275336    0.07999999999999999      -2.3468629405657976E-10  -0.0054113772331927      -0.012340719127275336
-0.00536143339245454      -0.014035536956000648    0.08                     -2.0524618206606965E-10  -0.00536143339245454     -0.01403553695600065
-0.007791098998494561     -0.013295809376454588    0.08                     -1.655030466303793E-10   -0.007791098998494561    -0.013295809376454587
-0.0032185731958398398    -0.012816776020766536    0.07999999999999999      -3.1626603826531403E-10  -0.0032185731958398398   -0.012816776020766533
-0.0017111493760784604    -0.012691584304858228    0.08000000000000002      -4.1922580969582135E-10  -0.0017111493760784604   -0.012691584304858228
-0.001617896104260129     -0.009024001330874262    0.07999999999999999      -7.035903098825378E-10   -0.001617896104260129    -0.009024001330874262
-9.696226132012292E-4     -0.008751602986923172    0.08                     -8.405593421528935E-10   -9.696226132012292E-4    -0.008751602986923172
-9.787795194331171E-4     0.009296909091181249     0.08                     -1.0880815893889223E-9   -9.787795194331171E-4    0.009296909091181249
-0.0016121697223016596    0.009288934888372694     0.07999999999999999      -7.491685683379476E-10   -0.0016121697223016596   0.009288934888372694
-0.0012884610723551473    0.008635189403522911     0.07999999999999999      -7.070483566811293E-10   -0.0012884610723551473   0.008635189403522911
-0.002327802317422554     0.008476719244302058     0.08                     -4.891694002572422E-10   -0.002327802317422554    0.008476719244302058
-0.00758358244165102      -0.010750720193929662    0.08                     -1.8861633809204146E-10  -0.00758358244165102     -0.010750720193929662
-0.006815612486319147     -0.008651343458527729    0.08                     -2.1085473921522588E-10  -0.006815612486319148    -0.008651343458527729
-0.011031540428524531     -0.01176376175640527     0.08                     -1.2984568751095571E-10  -0.01103154042852453     -0.01176376175640527
-0.010013673648597097     -0.008833232025019642    0.08                     -1.4943204595147927E-10  -0.010013673648597095    -0.008833232025019642
-0.013637394325484962     -0.008955710003735705    0.08                     -1.1129707218990618E-10  -0.013637394325484964    -0.008955710003735705
-0.024650225455934798     -0.018505890980406482    0.08                     -4.7991859543880786E-11  -0.024650225455934798    -0.01850589098040648
-0.035642869448581645     -0.013739047413504173    0.08                     -3.192093452135298E-11   -0.035642869448581645    -0.013739047413504174
-0.02914544280546453      -0.014532387995226367    0.07999999999999999      -4.222400886501098E-11   -0.02914544280546453     -0.014532387995226367
-0.03771817867816378      -0.006162263258877025    0.08                     -3.124732875449462E-11   -0.03771817867816379     -0.006162263258877025
-0.012038678143818267     -0.006588506818374591    0.08                     -1.2721093281833553E-10  -0.012038678143818267    -0.006588506818374591
-0.0011823163987112403    0.010216836999854602     0.08                     -1.0887071792873753E-9   -0.0011823163987112403   0.010216836999854602
-0.002737947904685494     0.009354339110641666     0.08                     -4.809730850856547E-10   -0.002737947904685494    0.009354339110641666
-0.0018190174845705183    0.00997776095535681      0.08                     -7.269206740501659E-10   -0.0018190174845705183   0.00997776095535681
-0.05268736139024357      -0.011033270239245913    0.08                     -1.6083720355496717E-11  -0.05268736139024356     -0.011033270239245913
-0.060742412135945015     -0.006237880291379123    0.08000000000000002      -1.156513497340107E-11   -0.06074241213594501     -0.006237880291379123
-0.06299937023975716      3.0567151455614117E-4    0.08                     -1.0468026659872073E-11  -0.06299937023975716     3.0567151455614117E-4
-0.045413899833137567     -0.0032475453092783366   0.07999999999999999      -2.2660371346035202E-11  -0.045413899833137567    -0.0032475453092783366
-0.028225054911433324     -0.03603514528347161     0.08                     -2.5048492441843628E-11  -0.02822505491143332     -0.03603514528347162
-0.020706812996385514     -0.03185100442042642     0.08                     -3.633368436941604E-11   -0.020706812996385517    -0.031851004420426425
-0.027999302410075227     -0.04658680952483775     0.07999999999999999      -1.7776028072563347E-11  -0.027999302410075227    -0.04658680952483774
-0.024968933484014973     -0.05593638527617919     0.08                     -1.3439906966652781E-11  -0.02496893348401497     -0.05593638527617919
-0.02018011805589334      -0.05943495160319275     0.07999999999999999      -1.2689315137344441E-11  -0.02018011805589334     -0.05943495160319275
-0.019911635437039395     -0.024264765493911607    0.08000000000000002      -4.96126935088472E-11    -0.01991163543703939     -0.024264765493911603
-0.015840018141198176     -0.012526681051842917    0.08                     -8.941271088277735E-11   -0.015840018141198176    -0.012526681051842917
-0.018610500839118        -0.017600537371423815    0.08                     -6.622233945545401E-11   -0.018610500839118       -0.01760053737142381
-0.011622929239771788     -0.016387737442867895    0.08                     -1.0394757119192931E-10  -0.011622929239771788    -0.016387737442867895
-0.014122249768710118     -0.02759280836793592     0.07999999999999999      -5.3619964803858245E-11  -0.014122249768710118    -0.027592808367935925
-7.499979245361582E-5     -0.011806321409043793    0.08                     -7.260771314298838E-10   -7.499979245361582E-5    -0.011806321409043793
-6.482018772437786E-4     -0.012888423567395738    0.07999999999999999      -4.4988312728749996E-10  -6.482018772437786E-4    -0.012888423567395738
6.812816898459743E-4      -0.011748100360835435    0.08                     -7.051753962127136E-10   6.812816898459743E-4     -0.011748100360835435
0.0011873666412494412     -0.011248374864826473    0.08                     -7.595891135201499E-10   0.0011873666412494412    -0.011248374864826473
-0.004210174161647165     -0.008917379746928994    0.08                     -3.2179467686115527E-10  -0.004210174161647165    -0.008917379746928994
-0.0055833894645121104    -0.0070821178843400515   0.08                     -2.3606224773042475E-10  -0.0055833894645121104   -0.0070821178843400515
-0.0027125493781895785    -0.008146937820588424    0.08                     -4.206433819581121E-10   -0.0027125493781895785   -0.008146937820588424
-5.568902935167291E-4     -0.008349832889264629    0.08                     -7.656745171469065E-10   -5.568902935167291E-4    -0.008349832889264629
1.1865443500142653E-4     -0.008263512862401165    0.07999999999999999      -7.652960927884009E-10   1.1865443500142653E-4    -0.008263512862401165
-0.003704065555547205     0.008297011756845059     0.08                     -3.4529362562842164E-10  -0.003704065555547205    0.008297011756845059
0.0011327152184271508     -0.010080815027423737    0.07999999999999999      -1.155000237873004E-9    0.0011327152184271508    -0.010080815027423737
7.343530879332996E-4      -0.008585950418056314    0.08                     -8.303420126648908E-10   7.343530879332996E-4     -0.008585950418056314
0.001328409548766861      -0.009007767653323957    0.07999999999999999      -7.960969334552398E-10   0.001328409548766861     -0.009007767653323957
0.001553998380607241      -0.010547141399978671    0.08000000000000002      -7.956867956364176E-10   0.001553998380607241     -0.010547141399978671
-0.013495422000746573     -0.02164418787838529     0.08                     -7.314391282644542E-11   -0.013495422000746575    -0.02164418787838529
-0.006709241743903948     -0.016582936130990773    0.08000000000000002      -1.4602312206791826E-10  -0.006709241743903949    -0.01658293613099077
-0.0034352252370738693    -0.015601016068726888    0.08                     -2.0633061404154833E-10  -0.0034352252370738684   -0.015601016068726884
-0.0017330849152280732    -0.01406352480399043     0.08000000000000002      -3.0510265718981747E-10  -0.0017330849152280732   -0.014063524803990429
-1.093548822502545E-4     -0.013877185679853798    0.08                     -3.455695180001615E-10   -1.093548822502545E-4    -0.013877185679853798
4.813845879319302E-4      -0.012595319387678557    0.08                     -5.011664031249995E-10   4.813845879319302E-4     -0.012595319387678555
-0.001441817552222717     -0.007926289734135852    0.07999999999999999      -5.39987419625796E-10    -0.001441817552222717    -0.007926289734135852
-0.004213144168556126     -0.006590214727455079    0.08                     -2.7339707364386815E-10  -0.004213144168556126    -0.006590214727455079
-0.008536580209320296     -0.006025976660345045    0.07999999999999999      -1.6870668686390378E-10  -0.008536580209320297    -0.006025976660345045
-0.005870659510789772     -0.005063570019805466    0.07999999999999999      -2.0764850277049465E-10  -0.005870659510789772    -0.005063570019805466
-0.0018247768126079568    0.007929402407053393     0.08000000000000002      -4.964109355417188E-10   -0.0018247768126079568   0.007929402407053393
-8.998000846217498E-4     0.008002156755477781     0.08                     -6.182176085199236E-10   -8.998000846217498E-4    0.008002156755477781
-0.0027477151712449847    0.00746262621265717      0.08                     -3.7592600456302695E-10  -0.0027477151712449847   0.00746262621265717
-0.014804832199451213     -0.005608498444164618    0.08                     -1.0506427851368662E-10  -0.014804832199451211    -0.005608498444164618
-0.016812544766251623     -0.008441266418413577    0.08                     -8.998294223171858E-11   -0.016812544766251623    -0.008441266418413577
-0.02213676438492224      -0.010689398640339402    0.07999999999999999      -6.386082674791209E-11   -0.02213676438492224     -0.010689398640339402
-0.030284712878350585     -0.007981919141002027    0.08                     -4.3495186863411955E-11  -0.03028471287835058     -0.007981919141002027
-0.01923320753857648      -0.004283564991674128    0.08000000000000002      -8.037632478327097E-11   -0.01923320753857648     -0.004283564991674128
-0.0375827586702361       0.0016126122294133974    0.08000000000000002      -3.193432905389845E-11   -0.03758275867023609     0.0016126122294133974
-0.03234200783667936      -0.0020901504125459477   0.08                     -4.069988392316834E-11   -0.03234200783667936     -0.0020901504125459477
-0.011965041110401652     -0.003223465035029939    0.08000000000000002      -1.2720826755199572E-10  -0.011965041110401654    -0.003223465035029939
-0.01589317193956072      -0.001504482643605226    0.08000000000000002      -9.898942053274394E-11   -0.01589317193956072     -0.001504482643605226
-0.0015945500723785616    0.010754002564800927     0.08                     -7.46485586750164E-10    -0.0015945500723785616   0.010754002564800927
-0.0012621012916560759    0.011365421618927604     0.08                     -7.058912173125974E-10   -0.0012621012916560759   0.011365421618927604
-0.004668384396126865     0.009613203452802713     0.08                     -2.9797238612180103E-10  -0.004668384396126865    0.009613203452802713
-0.0029293628583179424    0.010686907696841705     0.08                     -4.4794399946258917E-10  -0.0029293628583179424   0.010686907696841705
-0.05385895308957932      4.433511346957561E-4     0.07999999999999999      -1.593993309033627E-11   -0.053858953089579324    4.433511346957561E-4
-0.060884826163676645     0.00643471018032421      0.08                     -1.1479775743628934E-11  -0.06088482616367664     0.00643471018032421
-0.06164512310295857      0.013500715152857404     0.08                     -1.0515639798450201E-11  -0.06164512310295857     0.013500715152857404
-0.045013065008998446     0.005954595643564056     0.08                     -2.280939244910376E-11   -0.04501306500899844     0.005954595643564056
-0.020240764449646724     -0.040878253839438314    0.08                     -2.607893512101718E-11   -0.020240764449646727    -0.04087825383943832
-0.013727260843097472     -0.035417735616976406    0.08                     -3.77352219449995E-11    -0.013727260843097472    -0.03541773561697641
-0.017869804281177192     -0.05144540113218008     0.08                     -1.8193528344302542E-11  -0.017869804281177192    -0.05144540113218009
-0.012889098071342016     -0.05987811343146376     0.08                     -1.3756292019373636E-11  -0.012889098071342016    -0.05987811343146376
-0.007368678784744205     -0.062418123534429916    0.08                     -1.2860607708391065E-11  -0.007368678784744205    -0.062418123534429916
-0.008214180265050476     -0.020643588303646175    0.08                     -9.918254045822618E-11   -0.008214180265050476    -0.02064358830364618
-0.00971957661619855      -0.024640058639752577    0.08                     -7.264821356013864E-11   -0.00971957661619855     -0.024640058639752577
-0.008173249520879156     -0.0299050108836781      0.08                     -5.589548916207684E-11   -0.008173249520879155    -0.029905010883678095
0.0014113335495660913     -0.012143669266852682    0.08                     -5.152842716011437E-10   0.0014113335495660913    -0.012143669266852682
0.002142099203016338      -0.01137936899028303     0.08                     -5.210160572866617E-10   0.002142099203016338     -0.01137936899028303
-0.002692067577480143     -0.006367398747488297    0.08000000000000002      -3.218591925882389E-10   -0.002692067577480143    -0.006367398747488297
-3.1819432234836756E-4    -0.007196421576646628    0.08                     -4.891948627375578E-10   -3.1819432234836756E-4   -0.007196421576646628
8.95906077296265E-4       -0.00750776617381816     0.08                     -5.160452450643977E-10   8.95906077296265E-4      -0.00750776617381816
-0.0043875834263049016    0.00664059619188679      0.08000000000000002      -2.6639643665956473E-10  -0.0043875834263049016   0.00664059619188679
-0.005929948980605556     0.007753150527328619     0.08000000000000002      -2.330485631146654E-10   -0.005929948980605556    0.007753150527328619
0.0017854028639608527     -0.009641921004988362    0.08                     -7.242303630834739E-10   0.0017854028639608527    -0.00964192100498836
0.001639219983827881      -0.007939135362066398    0.08                     -5.180820488667805E-10   0.001639219983827881     -0.007939135362066398
0.002189483156144964      -0.008610579038811024    0.07999999999999999      -5.19397167811661E-10    0.002189483156144964     -0.008610579038811024
0.0028199972529852554     -0.01039475280991698     0.08                     -4.714786191436234E-10   0.0028199972529852554    -0.01039475280991698
-0.0042234672886813825    -0.01926681103414319     0.08                     -1.3240218024325753E-10  -0.0042234672886813825   -0.019266811034143187
-0.0016675993336732562    -0.017917430545224385    0.08                     -1.6680741696785193E-10  -0.0016675993336732562   -0.017917430545224385
-4.7894534160686925E-4    -0.015831256680654646    0.08                     -2.3069335802570411E-10  -4.7894534160686925E-4   -0.015831256680654646
0.0011684941009590787     -0.014561968498061281    0.08                     -2.85249640289062E-10    0.0011684941009590787    -0.014561968498061281
0.0013953552885448556     -0.01338912065922128     0.07999999999999999      -3.656038418580357E-10   0.0013953552885448556    -0.01338912065922128
-0.0015253939231765455    -0.005784521121555142    0.07999999999999999      -3.2759470580756767E-10  -0.0015253939231765455   -0.005784521121555142
-0.002692870076657073     -0.004927764285888515    0.08                     -2.688076885923709E-10   -0.002692870076657073    -0.004927764285888515
-0.0039916749232842795    -0.005074912057910469    0.08000000000000002      -2.4620705389135085E-10  -0.0039916749232842795   -0.005074912057910469
-0.004913829726592586     -0.0029782057561781802   0.08                     -2.0351663602732602E-10  -0.004913829726592586    -0.0029782057561781802
-0.008223262465152328     -0.0022974657496766596   0.08                     -1.6198036792452284E-10  -0.008223262465152328    -0.0022974657496766596
-0.0066087254208251865    0.005000086351853901     0.08                     -1.9429207318154966E-10  -0.006608725420825188    0.005000086351853901
-0.0056947459417593625    -4.4872770935065753E-4   0.07999999999999999      -1.842958879336426E-10   -0.0056947459417593625   -4.4872770935065753E-4
-0.008016596335862464     0.0020136711738751797    0.08                     -1.6362864881447365E-10  -0.008016596335862464    0.0020136711738751797
6.495581377128148E-5      0.008076706186827341     0.08                     -6.911114017315731E-10   6.495581377128148E-5     0.008076706186827341
-0.001602188187921745     0.007091848277681029     0.08000000000000002      -4.2047264743141536E-10  -0.001602188187921745    0.007091848277681029
-6.001092242206643E-4     0.0073008779251438685    0.08000000000000002      -4.998097099524641E-10   -6.001092242206643E-4    0.0073008779251438685
-0.0038502191299323446    0.00485547815623525      0.08                     -2.433730005188523E-10   -0.0038502191299323446   0.00485547815623525
-0.0026734729004818276    0.005885905900646207     0.08                     -3.025844253228899E-10   -0.0026734729004818276   0.005885905900646207
-0.00445420784505552      0.0021653755085613777    0.08                     -2.0250675261826529E-10  -0.00445420784505552     0.0021653755085613777
-6.245461282491892E-4     0.011081572985145907     0.08                     -1.0453754068903909E-9   -6.245461282491892E-4    0.011081572985145907
0.0011346403130528433     0.009854487091010555     0.08                     -1.145685914941118E-9    0.0011346403130528433    0.009854487091010555
3.087992998405849E-4      0.0111031123662233       0.08                     -1.1429551781793477E-9   3.087992998405849E-4     0.0111031123662233
9.91338996376559E-4       0.010617268948085748     0.08                     -1.1215584325676925E-9   9.91338996376559E-4      0.010617268948085748
0.0010108989125322786     0.008631288208699586     0.07999999999999999      -7.750791137305512E-10   0.0010108989125322786    0.008631288208699586
4.1631472051989124E-4     0.006878139904141385     0.08                     -4.434183263519187E-10   4.1631472051989124E-4    0.006878139904141385
0.0010160704754189932     0.00775672015721901      0.08                     -5.506610247949525E-10   0.0010160704754189932    0.00775672015721901
-0.02582891061709504      -0.0020735209912961725   0.08                     -5.6311738401343276E-11  -0.02582891061709503     -0.0020735209912961725
-0.01993134256019079      1.259193624896654E-4     0.08000000000000002      -7.789181752878494E-11   -0.01993134256019079     1.259193624896654E-4
-0.03654627447527259      0.009582302940478002     0.08000000000000002      -3.2106903431116514E-11  -0.03654627447527259     0.009582302940478002
-0.030343542954259076     0.004242307624351967     0.08                     -4.445516851838538E-11   -0.030343542954259072    0.004242307624351967
-0.007828590681294479     0.0075867859241361135    0.08                     -1.845278555034847E-10   -0.007828590681294479    0.0075867859241361135
-0.0069023880842078895    0.009607820494314738     0.08                     -2.0910735559171935E-10  -0.006902388084207889    0.009607820494314738
-0.010136827250987253     0.005966636240836612     0.08                     -1.4714568495678414E-10  -0.010136827250987253    0.005966636240836612
-0.01715240594068771      0.002805303350069427     0.08                     -9.140235952396086E-11   -0.01715240594068771     0.002805303350069427
-0.012067258298537983     0.0017129511793871413    0.08                     -1.259220976320011E-10   -0.012067258298537983    0.0017129511793871413
-6.92682795736508E-4      0.012208438033394386     0.07999999999999999      -5.72021208351368E-10    -6.92682795736508E-4     0.012208438033394386
-0.0022862155646807963    0.011566115115682354     0.08                     -4.79405947415848E-10    -0.0022862155646807963   0.011566115115682354
-0.0016195136536981888    0.01261009789155064      0.08                     -4.3532073602616653E-10  -0.0016195136536981888   0.01261009789155064
-0.0057072450037618       0.010907336214445298     0.08                     -2.4273192154636925E-10  -0.0057072450037618      0.010907336214445298
-0.004548733266688195     0.011187884772887444     0.08                     -2.928709978117475E-10   -0.004548733266688195    0.011187884772887444
-0.007287900942332132     0.011915079611771871     0.08                     -1.8747942162794827E-10  -0.0072879009423321315   0.011915079611771871
-0.005287331680288207     0.012231623636558067     0.08                     -2.4109673051288784E-10  -0.005287331680288207    0.012231623636558067
-0.0037542546962170374    0.012076126712089671     0.07999999999999999      -3.1667321519236013E-10  -0.0037542546962170374   0.012076126712089671
-0.05279029117232628      0.011786193522132976     0.08000000000000002      -1.591618435914418E-11   -0.05279029117232627     0.011786193522132976
-0.05819227892110212      0.018903193136691067     0.07999999999999999      -1.16901032312019E-11    -0.05819227892110212     0.018903193136691063
-0.057306723541936125     0.025992240945664893     0.08                     -1.0890633972722637E-11  -0.057306723541936125    0.02599224094566489
-0.042832118640683696     0.015182248756752295     0.08000000000000002      -2.3152401053010172E-11  -0.042832118640683696    0.015182248756752295
-0.03390867699603415      0.01729258235724772      0.08                     -3.2598060842665234E-11  -0.03390867699603415     0.01729258235724772
-0.011255845604415775     -0.04422023044402766     0.08000000000000002      -2.6734773227387737E-11  -0.011255845604415775    -0.04422023044402767
-0.006066712488107168     -0.03758541908951722     0.07999999999999999      -3.8480773961248456E-11  -0.006066712488107168    -0.03758541908951723
-0.006773214136407404     -0.05399304256302748     0.08                     -1.8527171421818037E-11  -0.006773214136407405    -0.05399304256302749
-7.653259440584819E-4     -0.061260014919261016    0.08                     -1.3862073714973654E-11  -7.653259440584819E-4    -0.06126001491926102
0.005687244536602812      -0.0627435971192521      0.08                     -1.2778562849886858E-11  0.005687244536602812     -0.0627435971192521
-0.004453272791738554     -0.024751257566274304    0.08                     -8.361894832559088E-11   -0.004453272791738554    -0.024751257566274304
-0.0016954724941529511    -0.031032507614159273    0.08                     -5.688795130028452E-11   -0.0016954724941529511   -0.03103250761415927
0.0026062776255647187     -0.012639967058762282    0.07999999999999999      -3.6174186859948504E-10  0.0026062776255647187    -0.01263996705876228
0.003604933425582782      -0.01158971868218938     0.07999999999999999      -3.4506603807597073E-10  0.003604933425582782     -0.01158971868218938
9.84630169772089E-4       -0.005830665086538768    0.08000000000000002      -3.3992329619471924E-10  9.84630169772089E-4      -0.005830665086538768
-2.5725701782551916E-4    -0.0049801757976368904   0.08                     -3.0219070673336013E-10  -2.5725701782551916E-4   -0.0049801757976368904
0.0019196694272642575     -0.006646328094032657    0.07999999999999999      -3.694837249428282E-10   0.0019196694272642575    -0.006646328094032657
0.003169996023671233      -0.009186185613405742    0.07999999999999999      -4.1891404910183597E-10  0.003169996023671233     -0.009186185613405742
0.002923351968919255      -0.007692380177021299    0.08000000000000002      -3.7687619623830127E-10  0.002923351968919255     -0.007692380177021299
0.004512749404814005      -0.010163609165802653    0.08                     -3.069549355023282E-10   0.004512749404814005     -0.010163609165802653
-6.241713833871482E-4     -0.021017601176687432    0.08000000000000002      -1.207700840183943E-10   -6.241713833871482E-4    -0.021017601176687436
4.2704707850309276E-4     -0.01802586548957063     0.08                     -1.675422435721804E-10   4.2704707850309276E-4    -0.01802586548957063
0.0021090446055255785     -0.016371993715334952    0.08000000000000002      -2.0121028227595737E-10  0.0021090446055255785    -0.016371993715334956
0.0027385822197274357     -0.014344629546671275    0.07999999999999999      -2.640190289069088E-10   0.0027385822197274357    -0.014344629546671275
-0.001613895287598869     -0.0037034383286129527   0.08                     -2.509599301628725E-10   -0.001613895287598869    -0.0037034383286129527
-0.003233540674923773     -0.003625475994801085    0.07999999999999999      -2.3182679400297587E-10  -0.003233540674923773    -0.003625475994801085
-0.0027366933748677047    -0.0014172552261662724   0.07999999999999999      -2.1258378161863174E-10  -0.0027366933748677047   -0.0014172552261662724
-7.67746468376046E-4      0.0057962606449427495    0.08                     -3.4195466683513203E-10  -7.67746468376046E-4     0.0057962606449427495
-0.0022348140542090313    0.0038163515931424197    0.08                     -2.4778356400668394E-10  -0.0022348140542090313   0.0038163515931424197
-0.0016204286353771434    0.0017691114648583361    0.08                     -2.2207937033201658E-10  -0.0016204286353771434   0.0017691114648583361
-3.794188714933977E-6     0.01172422033521521      0.08                     -7.581995888884017E-10   -3.794188714933977E-6    0.01172422033521521
0.001738405623127489      0.009249982371942925     0.08                     -7.03114626622009E-10    0.001738405623127489     0.009249982371942925
0.001598050555587243      0.00999460794413426      0.07999999999999999      -8.196771351813086E-10   0.001598050555587243     0.00999460794413426
7.875302042165168E-4      0.011548074987799632     0.08                     -7.504627801806321E-10   7.875302042165168E-4     0.011548074987799632
0.0013396892374309827     0.011154027399881833     0.08000000000000002      -7.441070984280674E-10   0.0013396892374309827    0.011154027399881833
0.0016270569868923022     0.01056785879435268      0.08                     -7.62717666859353E-10    0.0016270569868923022    0.01056785879435268
0.001978698207407755      0.008009908591519926     0.08000000000000002      -4.86128399913035E-10    0.001978698207407755     0.008009908591519926
8.887086412631209E-4      0.005868537778654877     0.08                     -3.440061527837719E-10   8.887086412631209E-4     0.005868537778654877
0.0017827003036869835     0.00677603947689704      0.08                     -3.8486377283305337E-10  0.0017827003036869835    0.00677603947689704
-0.02276895903851661      0.005852707115014628     0.08                     -6.507149228264429E-11   -0.02276895903851661     0.005852707115014628
-0.028098274135208923     0.01133486464953435      0.08                     -4.659897103925599E-11   -0.028098274135208923    0.01133486464953435
-0.026959347343569372     0.01811558586958266      0.08000000000000002      -4.35265802980764E-11    -0.026959347343569372    0.01811558586958266
-0.010412286267954981     0.009998357729676957     0.08                     -1.419065491782646E-10   -0.010412286267954983    0.009998357729676957
-0.0156767879399571       0.0073927377401528105    0.08                     -9.784527850791497E-11   -0.0156767879399571      0.0073927377401528105
-0.009409988105399336     0.013775323622191457     0.08                     -1.3897841074635395E-10  -0.009409988105399336    0.013775323622191457
1.2869101702023614E-4     0.013032501899984686     0.08                     -4.37890114141366E-10    1.2869101702023614E-4    0.013032501899984686
9.215318774424656E-4      0.012692822608854473     0.08                     -4.647649988649244E-10   9.215318774424656E-4     0.012692822608854473
8.154908137528796E-4      0.013740297050933582     0.08                     -3.4929142362673985E-10  8.154908137528796E-4     0.01374029705093358
-7.592398200342472E-4     0.013647643859901262     0.08                     -3.603641096398971E-10   -7.592398200342472E-4    0.013647643859901262
-0.0028739803566861302    0.013148645635057535     0.08                     -3.168476648099746E-10   -0.0028739803566861302   0.013148645635057535
-0.004229928015447231     0.013383219446633711     0.07999999999999999      -2.5254578044145656E-10  -0.004229928015447231    0.01338321944663371
-0.0017641133202546157    0.013853952316155382     0.08                     -3.1715372467154616E-10  -0.0017641133202546157   0.013853952316155382
-0.006023136997467565     0.01441219160220146      0.08                     -1.8528418199154676E-10  -0.006023136997467565    0.01441219160220146
-0.04923849850545159      0.022663362579999173     0.07999999999999999      -1.620595630665291E-11   -0.04923849850545159     0.022663362579999177
-0.053016634915655905     0.030430127120971602     0.08000000000000002      -1.2083357567684997E-11  -0.0530166349156559      0.0304301271209716
-0.05066120699371589      0.037176086079614035     0.08                     -1.1345303668242557E-11  -0.05066120699371589     0.037176086079614035
-0.03868849079153576      0.024014695141048793     0.08                     -2.3774213338073122E-11  -0.03868849079153575     0.02401469514104879
-0.029514185152672557     0.024091125156433746     0.08                     -3.388399929128025E-11   -0.029514185152672557    0.024091125156433746
-0.0015817822722359355    -0.04554229920910577     0.08000000000000002      -2.7126347302190134E-11  -0.0015817822722359355   -0.04554229920910577
0.00189846691239922       -0.03797410637486294     0.07999999999999999      -3.8808773645525264E-11  0.00189846691239922      -0.03797410637486293
0.0048805229369388095     -0.05410631000980613     0.08                     -1.8618021225170842E-11  0.0048805229369388095    -0.05410631000980614
0.012073409217449673      -0.06009493306233567     0.07999999999999999      -1.3739110158648751E-11  0.012073409217449675     -0.06009493306233566
0.01883422181453777       -0.05993978298925477     0.08                     -1.2684565383883398E-11  0.01883422181453777      -0.05993978298925477
0.004311148276400622      -0.013271668185765334    0.08                     -2.521192253176424E-10   0.004311148276400622     -0.013271668185765334
0.0017027538660982344     -0.025165889091627876    0.08                     -8.447825452492174E-11   0.0017027538660982344    -0.025165889091627872
0.005040694956736936      -0.031447098508283644    0.08000000000000002      -5.4122342781850576E-11  0.005040694956736937     -0.031447098508283644
0.005591278971457038      -0.011770206814145576    0.07999999999999999      -2.364308296354093E-10   0.005591278971457038     -0.011770206814145576
-2.8047187104201024E-4    -0.0025980862931705845   0.08                     -2.364266465899562E-10   -2.8047187104201024E-4   -0.0025980862931705845
0.002187641773911713      -0.005123241494720578    0.08                     -2.843548552995516E-10   0.002187641773911713     -0.005123241494720578
0.0011648277877594967     -0.003899511243987845    0.08                     -2.59629846548244E-10    0.0011648277877594967    -0.003899511243987845
0.0038841138750105586     -0.005730735445191176    0.08000000000000002      -2.6296077610004835E-10  0.0038841138750105586    -0.005730735445191176
0.00508906266487406       -0.00795765798952728     0.08                     -2.6406140014595565E-10  0.0050890626648740596    -0.00795765798952728
0.006174677828468429      -0.009936992642666273    0.08000000000000002      -2.3062438053402814E-10  0.006174677828468429     -0.009936992642666273
0.0038447939627023874     -0.019813089480853176    0.08                     -1.2711382012519148E-10  0.0038447939627023883    -0.019813089480853172
0.004711523029160038      -0.015693918652380637    0.07999999999999999      -1.8419760231848903E-10  0.004711523029160038     -0.015693918652380637
-2.2926956050886224E-4    -4.0342773519453506E-4   0.08                     -2.1774461644908798E-10  -2.2926956050886224E-4   -4.0342773519453506E-4
5.063538080666424E-4      0.003822630965707688     0.08                     -2.606276903130122E-10   5.063538080666424E-4     0.003822630965707688
7.081540952077574E-4      0.001175193102932487     0.07999999999999999      -2.2036851529991748E-10  7.081540952077574E-4     0.001175193102932487
0.003143396987844164      0.008586567090081057     0.08                     -4.012189187754447E-10   0.003143396987844164     0.008586567090081057
0.0025068602358050036     0.010112022366013773     0.07999999999999999      -5.291286394108909E-10   0.0025068602358050036    0.010112022366013773
0.0017825738677261574     0.012210572523451382     0.08                     -4.680312326686359E-10   0.0017825738677261574    0.012210572523451382
0.0023830878140227267     0.011222288312115435     0.07999999999999999      -4.983499609109098E-10   0.0023830878140227267    0.011222288312115435
0.003277990726625501      0.006938301637453945     0.08                     -3.188288625007445E-10   0.003277990726625501     0.006938301637453945
0.002533546432852824      0.005144030838349765     0.07999999999999999      -2.792362182460743E-10   0.002533546432852824     0.005144030838349765
0.005017512324450055      0.007780188256897871     0.08                     -2.6460881809579037E-10  0.005017512324450055     0.007780188256897871
-0.020192468142434743     0.014808198899706096     0.08                     -6.568736847811701E-11   -0.020192468142434746    0.014808198899706096
-0.022353696478339558     0.021931111685474326     0.08                     -4.8391638294568395E-11  -0.022353696478339558    0.021931111685474323
-0.014108012440635944     0.013850548885940367     0.08                     -9.71415512572277E-11    -0.014108012440635946    0.013850548885940367
-0.009936551972322797     0.017265696379575063     0.08                     -1.1125618847257486E-10  -0.009936551972322797    0.017265696379575063
-0.007795576214377157     0.01636699681349675      0.08                     -1.361658038657999E-10   -0.007795576214377156    0.01636699681349675
7.698397503103083E-5      0.014322987354344702     0.08000000000000002      -3.097069343896157E-10   7.698397503103083E-5     0.014322987354344702
0.001930095125096485      0.013786482955272655     0.08                     -3.149905625779565E-10   0.001930095125096485     0.013786482955272655
0.0011819777987622342     0.014687092393733427     0.08000000000000002      -2.785158563757207E-10   0.0011819777987622342    0.014687092393733425
-0.0011348848603683348    0.015194086260408038     0.08                     -2.5333481053755213E-10  -0.0011348848603683348   0.015194086260408038
-0.0034634628349465464    0.015246431299497591     0.08                     -2.156799433213812E-10   -0.0034634628349465464   0.015246431299497595
-0.0055464951539108374    0.016874364110326612     0.08                     -1.5380634543357115E-10  -0.0055464951539108374   0.016874364110326612
-0.00188087791667595      0.017285081224681677     0.08000000000000002      -1.7979914860127708E-10  -0.00188087791667595     0.017285081224681677
-2.993133655002818E-4     0.017292392819996838     0.08                     -1.851092834564316E-10   -2.993133655002818E-4    0.017292392819996838
-0.045835234570428735     0.04063029067241542      0.08                     -1.2460124879685561E-11  -0.045835234570428735    0.04063029067241542
-0.04361703963259943      0.03243059409206235      0.08                     -1.6621951548885778E-11  -0.043617039632599434    0.032430594092062344
-0.04147051245875815      0.047006936232436895     0.08                     -1.1922087446131188E-11  -0.04147051245875815     0.047006936232436895
-0.032817991556338015     0.03158463848276386      0.07999999999999999      -2.464689185487315E-11   -0.032817991556338015    0.03158463848276386
-0.023885191872299514     0.02984317834342256      0.08                     -3.519582985545641E-11   -0.023885191872299514    0.029843178343422563
-0.017750088432603145     0.027489328738791126     0.08000000000000002      -4.756931513479822E-11   -0.017750088432603145    0.027489328738791126
0.007865309461173527      -0.044907854726468334    0.08000000000000002      -2.695646768098158E-11   0.007865309461173529     -0.044907854726468334
0.009989860399709224      -0.03691712787844614     0.07999999999999999      -3.778412985637218E-11   0.009989860399709225     -0.03691712787844614
0.015867034023586923      -0.05171418073762223     0.08                     -1.8549081470265794E-11  0.015867034023586923     -0.05171418073762223
0.024436503313710223      -0.05591861908074608     0.08                     -1.3590414194111424E-11  0.024436503313710223     -0.05591861908074608
0.030874726856487456      -0.05467166948567788     0.08                     -1.2338059183151414E-11  0.030874726856487456     -0.05467166948567788
0.006718547015748996      -0.013613611257167375    0.07999999999999999      -1.8235404457496834E-10  0.006718547015748997     -0.013613611257167374
0.0077792587774550975     -0.01686885078241533     0.08                     -1.3208547117347087E-10  0.0077792587774550975    -0.01686885078241533
0.008821075213871616      -0.019761588252262846    0.07999999999999999      -1.0196985590723403E-10  0.008821075213871616     -0.019761588252262846
0.008260622862881074      -0.025014429146341527    0.08                     -7.448898364228294E-11   0.008260622862881074     -0.025014429146341527
0.011115192554360229      -0.03049541277176992     0.08                     -5.068919079371354E-11   0.011115192554360229     -0.03049541277176992
0.007978901898358239      -0.010969259636156178    0.08                     -1.7862827973517463E-10  0.007978901898358239     -0.010969259636156178
0.002199557781838793      -0.001091801968676337    0.08                     -2.141912724874249E-10   0.002199557781838793     -0.001091801968676337
0.0032522858676195393     -0.0033132117611439013   0.07999999999999999      -2.2674092678092208E-10  0.0032522858676195393    -0.0033132117611439013
0.005514460916510117      -0.00400691789095492     0.08000000000000002      -2.0412354810019796E-10  0.005514460916510117     -0.00400691789095492
0.006170044720110294      -0.005892312516775196    0.08                     -2.0919295613299604E-10  0.006170044720110294     -0.005892312516775196
0.0083231067618524        -0.00792881252208573     0.08000000000000002      -1.7647921713691026E-10  0.008323106761852399     -0.00792881252208573
0.003220307322123868      0.013544785203857497     0.08                     -2.838993636850608E-10   0.003220307322123868     0.013544785203857495
0.0033619818267543837     0.0020858152915738393    0.08                     -2.129718657228399E-10   0.0033619818267543837    0.0020858152915738393
0.004460492248325464      0.009492671051979595     0.08                     -3.097579676512018E-10   0.004460492248325464     0.009492671051979595
0.004016701830973465      0.010936441648043166     0.08                     -3.3022109680477636E-10  0.004016701830973465     0.010936441648043166
0.0036130701363349498     0.012395932762600842     0.07999999999999999      -3.132525953082515E-10   0.0036130701363349498    0.012395932762600842
0.0052897801430873345     0.004984315250466581     0.08                     -2.1775378928339746E-10  0.0052897801430873345    0.004984315250466581
0.006865973932356637      0.008864435006718463     0.08                     -2.0949815189771808E-10  0.006865973932356636     0.008864435006718463
0.0068775250542693345     0.007191133464078674     0.08                     -2.0326472371467565E-10  0.0068775250542693345    0.007191133464078674
-0.00388720541122942      0.01858775648966074      0.08                     -1.4320407217180697E-10  -0.00388720541122942     0.01858775648966074
-0.013459800125182879     0.021193882728536298     0.08                     -7.470573322286089E-11   -0.013459800125182882    0.021193882728536298
-0.007471978859184356     0.020160480812542958     0.08                     -1.06181450440591E-10    -0.0074719788591843545   0.020160480812542958
5.99694034133489E-4       0.015890938648877917     0.08                     -2.2833202397598507E-10  5.99694034133489E-4      0.015890938648877917
0.002483816157832861      0.015477804885106805     0.08                     -2.2420291383378475E-10  0.002483816157832861     0.015477804885106805
0.0014361312384382763     0.018145851930377113     0.08000000000000002      -1.6301489916150012E-10  0.0014361312384382763    0.018145851930377113
-0.0010616329274370472    0.01969100675380974      0.08                     -1.3710487915647804E-10  -0.0010616329274370472   0.019691006753809744
-0.004270198086487917     0.02132278938457325      0.08                     -1.0984706770213085E-10  -0.004270198086487917    0.02132278938457325
-0.03584856186868292      0.04078272360264562      0.08                     -1.7280214047396307E-11  -0.03584856186868291     0.04078272360264562
-0.03604258737634937      0.04922239740479478      0.08                     -1.3124465206510005E-11  -0.03604258737634936     0.04922239740479478
-0.030837097599922314     0.05465264698418187      0.08                     -1.2354623547803158E-11  -0.030837097599922314    0.05465264698418186
-0.025410782042192194     0.037678962521420556     0.08000000000000002      -2.571654817935222E-11   -0.02541078204219219     0.037678962521420556
-0.01742384762223876      0.033846661646441734     0.08                     -3.687226355976377E-11   -0.017423847622238756    0.033846661646441734
-0.012156169198900755     0.028914389910879815     0.08                     -5.341569913002485E-11   -0.012156169198900753    0.02891438991087981
0.016971137520477         -0.04243803098968678     0.08                     -2.6286054705376872E-11  0.016971137520476996     -0.042438030989686785
0.01727352456753186       -0.033793539807494374    0.08000000000000002      -3.7125640895847637E-11  0.017273524567531864     -0.03379353980749438
0.02635211562377611       -0.04718314855573925     0.08                     -1.8090264546259975E-11  0.026352115623776103     -0.04718314855573925
0.0353029800125129        -0.049672648036771946    0.07999999999999999      -1.3201832091747196E-11  0.0353029800125129       -0.04967264803677195
0.04129721585327151       -0.047114033416984544    0.08                     -1.1958054519580522E-11  0.04129721585327151      -0.047114033416984544
0.00962713972055564       -0.013403494416361884    0.08                     -1.3894243391975553E-10  0.009627139720555638     -0.013403494416361883
0.009973577433132482      -0.010427685920872065    0.07999999999999999      -1.4697737488448708E-10  0.009973577433132482     -0.010427685920872065
0.011629371498069174      -0.016900640907954276    0.08                     -1.0159214174401723E-10  0.011629371498069174     -0.016900640907954276
0.012148952439403836      -0.020971679026966394    0.08                     -8.051315695213237E-11   0.012148952439403836     -0.020971679026966394
0.015984228621660858      -0.0256321534112779      0.08                     -5.487896944532507E-11   0.015984228621660854     -0.025632153411277895
0.005864332354278665      -0.0011645265784339873   0.08                     -1.841268965772335E-10   0.005864332354278666     -0.0011645265784339873
0.008701963353944294      -0.003952791195112389    0.08                     -1.6045715687012816E-10  0.008701963353944296     -0.003952791195112389
0.011765507899861704      -0.007385501296033478    0.08                     -1.2947736404134727E-10  0.011765507899861706     -0.007385501296033478
0.005149275834180577      0.013612522960483542     0.08                     -2.1896069279640083E-10  0.005149275834180577     0.013612522960483542
0.004670225526660281      0.015621395348885146     0.07999999999999999      -1.8661426608490097E-10  0.004670225526660281     0.015621395348885148
0.007694704981531006      0.0020956142552644025    0.08000000000000002      -1.6683950722698135E-10  0.007694704981531006     0.0020956142552644025
0.0062119659410000486     0.01068078234640249      0.08000000000000002      -2.254730554202115E-10   0.0062119659410000486    0.01068078234640249
0.005702676965996474      0.012148812890907891     0.08                     -2.2790632895970236E-10  0.005702676965996474     0.012148812890907891
0.0068810798440480485     0.01335469274177016      0.08                     -1.818024403680272E-10   0.006881079844048049     0.01335469274177016
0.007829042231721189      0.011962368587718666     0.08000000000000002      -1.7582642227507968E-10  0.00782904223172119      0.011962368587718666
0.008606863940041395      0.009920949897050418     0.08000000000000002      -1.7028199075767359E-10  0.008606863940041396     0.009920949897050418
0.008700743817661664      0.005085477376059827     0.08                     -1.639314767144287E-10   0.008700743817661664     0.005085477376059827
0.009180844301636931      0.007886116797742905     0.08                     -1.6191685912023142E-10  0.009180844301636931     0.007886116797742905
-0.007506576515544719     0.025195441343332826     0.08                     -7.525565533664894E-11   -0.007506576515544719    0.025195441343332823
0.003784235429659586      0.018193899917760985     0.08000000000000002      -1.4944453797308913E-10  0.003784235429659586     0.018193899917760988
0.0023212038826271424     0.02118357391657978      0.08                     -1.1607975913951807E-10  0.0023212038826271424    0.02118357391657978
-0.0013651078438418444    0.024834674809302903     0.07999999999999999      -8.65447678915122E-11    -0.0013651078438418444   0.024834674809302903
-0.026526087057273877     0.047060819544961996     0.07999999999999999      -1.8082755630098648E-11  -0.02652608705727388     0.047060819544961996
-0.024803989419588664     0.05571082875153456      0.08                     -1.3603335723160332E-11  -0.024803989419588664    0.055710828751534554
-0.018841458776484406     0.05986539596880813      0.07999999999999999      -1.2721300259117762E-11  -0.018841458776484406    0.05986539596880813
-0.017372295735727704     0.041888345453956935     0.08                     -2.6619348388478595E-11  -0.017372295735727707    0.04188834545395693
-0.010455177683182885     0.036658449409079155     0.08                     -3.793717658575259E-11   -0.010455177683182883    0.03665844940907915
-0.005468202677455659     0.030490831261777845     0.08                     -5.6691001730097173E-11  -0.005468202677455659    0.030490831261777845
0.025362473745609126      -0.03835957162682402     0.08                     -2.5143450369015806E-11  0.025362473745609126     -0.03835957162682402
0.023959900545849566      -0.03002955802574655     0.08                     -3.49248503807161E-11    0.023959900545849566     -0.030029558025746552
0.0352419274445606        -0.041421192202936774    0.08                     -1.726660509838729E-11   0.03524192744456061      -0.041421192202936774
0.043859965392708124      -0.04116557505369682     0.08000000000000002      -1.3181609676789514E-11  0.043859965392708124     -0.04116557505369683
0.013714249198336595      -0.01189899814759611     0.07999999999999999      -1.0470162860962271E-10  0.013714249198336595     -0.01189899814759611
0.016866063232525638      -0.01813260400818073     0.07999999999999999      -7.125612606105697E-11   0.016866063232525638     -0.01813260400818073
0.02367308994699468       -0.020624630549684372    0.08                     -4.7379772412706405E-11  0.023673089946994682     -0.02062463054968437
0.01244469279423856       -0.003870373164675679    0.08                     -1.231180121742645E-10   0.01244469279423856      -0.003870373164675679
0.01050904610344151       -5.564961035680674E-4    0.08000000000000002      -1.3858381418908588E-10  0.010509046103441512     -5.564961035680674E-4
0.01608904190774213       -0.00650577018456143     0.08                     -9.604187821006958E-11   0.01608904190774213      -0.00650577018456143
0.006828706224490756      0.015202181341012574     0.08                     -1.606711671053966E-10   0.006828706224490756     0.015202181341012574
0.006524498494256473      0.01769547658435623      0.08                     -1.3471015232255564E-10  0.006524498494256473     0.01769547658435623
0.012023328573940853      0.00276926695630976      0.08                     -1.2625577672059855E-10  0.012023328573940853     0.00276926695630976
0.01542165747099241       -0.0011361360682103777   0.08                     -1.0183982900090812E-10  0.015421657470992414     -0.0011361360682103777
0.009204545066172274      0.014013542793205727     0.08                     -1.400337629149707E-10   0.009204545066172272     0.014013542793205727
0.009808432296661767      0.011720581890528048     0.08                     -1.4480321122760736E-10  0.009808432296661767     0.011720581890528048
0.011793936355865023      0.009761087770489923     0.08                     -1.2667979496906847E-10  0.011793936355865023     0.009761087770489923
0.01247007728478534       0.006228238330248562     0.08                     -1.2334766885602853E-10  0.012470077284785342     0.006228238330248562
0.005836417063377394      0.021453012320891175     0.08                     -1.0308922413110832E-10  0.005836417063377394     0.021453012320891172
0.004392058978569008      0.02540374384001197      0.07999999999999999      -7.98168798862729E-11    0.004392058978569008     0.025403743840011973
0.0015044110480849741     0.030861929038626223     0.08000000000000002      -5.759460350985001E-11   0.0015044110480849741    0.030861929038626223
-0.016095400675560253     0.05156241726284999      0.08                     -1.857987909527724E-11   -0.016095400675560253    0.05156241726284999
-0.012638924626777858     0.0596085083085987       0.08                     -1.3941551229880389E-11  -0.01263892462677786     0.0596085083085987
-0.008337298112866227     0.04471707672900756      0.07999999999999999      -2.7047878096366347E-11  -0.008337298112866225    0.04471707672900755
-0.0024163763354258343    0.037877092689649935     0.08                     -3.889175942400932E-11   -0.0024163763354258343   0.03787709268964994
-0.006233392554326218     0.06260533386084827      0.07999999999999999      -1.2823045762059168E-11  -0.006233392554326218    0.06260533386084827
0.03231921391263751       -0.03289790735526715     0.08                     -2.417346445394031E-11   0.03231921391263751      -0.03289790735526715
0.030100613883713247      -0.02594137905976602     0.07999999999999999      -3.1570329996059606E-11  0.030100613883713247     -0.02594137905976602
0.040512337688280275      -0.03501178636786495     0.07999999999999999      -1.7420875851654774E-11  0.040512337688280275     -0.03501178636786495
0.048185280573884916      -0.03581208348656229     0.08                     -1.2978921449106623E-11  0.048185280573884916     -0.03581208348656229
0.020885410233366524      -0.012037646893087083    0.08                     -6.695337478422747E-11   0.02088541023336652      -0.01203764689308708
0.0322919695093409        -0.01998252706848653     0.08                     -3.321657893760947E-11   0.0322919695093409       -0.019982527068486525
0.027728212871966775      -0.014662525923783191    0.08                     -4.500378335255717E-11   0.02772821287196677      -0.014662525923783193
0.020851824876037123      -0.004722448695227283    0.08                     -7.297094592856115E-11   0.020851824876037123     -0.004722448695227283
0.009857069148891076      0.016792828725576837     0.08                     -1.1450173362055869E-10  0.009857069148891076     0.016792828725576834
0.008664150988654262      0.019912333604089033     0.08                     -1.0171553332084052E-10  0.008664150988654262     0.019912333604089033
0.016738058411232284      0.003924224260745492     0.08                     -9.34543233004472E-11    0.016738058411232284     0.003924224260745492
0.020352429286222853      5.418447669148577E-4     0.08                     -7.59569782350698E-11    0.020352429286222853     5.418447669148577E-4
0.013008400447648762      0.013884481827893827     0.08                     -1.0421248759123507E-10  0.013008400447648758     0.013884481827893827
0.016336382750237143      0.009316700423435846     0.07999999999999999      -9.167163365934104E-11   0.016336382750237143     0.009316700423435846
0.009549962496031107      0.02398086341204534      0.08                     -7.601509925369589E-11   0.009549962496031107     0.023980863412045337
0.00843490413436988       0.029873841733610733     0.08000000000000002      -5.564229304150365E-11   0.008434904134369882     0.029873841733610736
0.005450471142461239      0.037463403037715386     0.08                     -3.892944226933415E-11   0.005450471142461239     0.037463403037715386
-0.0052333621438618964    0.053772812371802516     0.07999999999999999      -1.8835411087414593E-11  -0.005233362143861896    0.05377281237180252
0.0012866876805424088     0.045361197198522274     0.08                     -2.7356487407823075E-11  0.0012866876805424088    0.045361197198522274
1.906721575357928E-6      0.06104910989120336      0.08000000000000002      -1.3986683122045347E-11  1.906721575357928E-6     0.06104910989120336
0.006895819201941322      0.0625608915854367       0.07999999999999999      -1.2799974011489789E-11  0.006895819201941322     0.0625608915854367
0.03865352876672379       -0.025888245377093964    0.08                     -2.29334655107931E-11    0.03865352876672379      -0.025888245377093968
0.04592734012528445       -0.030390998640408604    0.08                     -1.5982094867605808E-11  0.04592734012528445      -0.030390998640408607
0.05230742292635489       -0.02984647066228433     0.08                     -1.2590716856394868E-11  0.05230742292635488      -0.029846470662284328
0.05669783900488479       -0.025575624897900266    0.08                     -1.1293053988146134E-11  0.05669783900488479      -0.025575624897900266
0.0275980432569902        -0.008720935586177675    0.08                     -4.926872808137044E-11   0.0275980432569902       -0.008720935586177675
0.039279828565423926      -0.01793872906018145     0.08                     -2.5792742200230472E-11  0.039279828565423926     -0.017938729060181454
0.03297948576105106       -0.012658971917541707    0.08000000000000002      -3.641010048306733E-11   0.03297948576105106      -0.012658971917541706
0.02638065817392025       -0.0013208902125686137   0.08                     -5.4762535017173785E-11  0.02638065817392025      -0.0013208902125686137
0.01345372476197244       0.01972924392876843      0.08                     -8.004076532725325E-11   0.013453724761972442     0.01972924392876843
0.023470866529967008      0.0062280664062797225    0.08                     -6.245989974190524E-11   0.023470866529967008     0.0062280664062797225
0.020250892971241805      0.014977141848503572     0.08                     -6.515435326770694E-11   0.020250892971241805     0.014977141848503572
0.014257524576430893      0.02647611556515171      0.08                     -5.620854569157582E-11   0.014257524576430895     0.026476115565151715
0.013539980340911067      0.03463184305277511      0.08                     -3.9216090142135523E-11  0.013539980340911069     0.03463184305277511
0.010838645177296699      0.04398443573959371      0.08                     -2.715137303809522E-11   0.010838645177296699     0.04398443573959371
0.006043270811760017      0.05366236632642889      0.07999999999999999      -1.8844324647763536E-11  0.006043270811760017     0.053662366326428894
0.012727587660626906      0.05973090501056573      0.07999999999999999      -1.3857946149874532E-11  0.012727587660626904     0.05973090501056572
0.01981745556552239       0.05969858685330731      0.08                     -1.2609291809949138E-11  0.01981745556552239      0.05969858685330731
0.04872435686833111       -0.021756552526041695    0.08                     -1.67589904746788E-11    0.048724356868331105     -0.021756552526041695
0.05761702642050975       -0.018936215283017775    0.08                     -1.2000964874444016E-11  0.05761702642050975      -0.01893621528301778
0.06108658711391692       -0.013595093909650635    0.08                     -1.0800956413109802E-11  0.06108658711391692      -0.013595093909650635
0.04461639915757924       -0.012857304661087122    0.08                     -2.207045217567095E-11   0.04461639915757924      -0.01285730466108712
0.032747299734625354      -0.0051468440010463      0.08                     -3.9441741831935465E-11  0.03274729973462536      -0.0051468440010463
0.03901216928088418       -0.009866645132634654    0.08                     -2.8742372965557297E-11  0.03901216928088418      -0.009866645132634654
0.031176047001127253      0.002651748722646015     0.08                     -4.293456258376306E-11   0.031176047001127253     0.002651748722646015
0.03157048128103031       0.008755471351794324     0.08                     -4.064332053819893E-11   0.03157048128103031      0.008755471351794324
0.019606147113513248      0.023322394772843383     0.08                     -5.19158199961603E-11    0.019606147113513248     0.023322394772843383
0.025455219684996477      0.02014375292486302      0.07999999999999999      -4.4414839445418465E-11  0.025455219684996477     0.02014375292486302
0.02767315418209485       0.01416569005057107      0.08000000000000002      -4.546732888433748E-11   0.027673154182094848     0.01416569005057107
0.02049649084071038       0.031150772803584317     0.08                     -3.75425210304758E-11    0.02049649084071038      0.031150772803584314
0.019969121754750366      0.04047791665747463      0.08                     -2.6619736253916143E-11  0.019969121754750366     0.04047791665747463
0.017008401089570968      0.05098479361184034      0.07999999999999999      -1.875920558107138E-11   0.017008401089570968     0.050984793611840336
0.024881039263862613      0.05566743576022952      0.07999999999999999      -1.3601604536820642E-11  0.024881039263862616     0.055667435760229526
0.03190832983990659       0.05392874508529118      0.08                     -1.2357708189278885E-11  0.03190832983990659      0.05392874508529118
0.053137673515331565      -0.01155267890031264     0.08                     -1.5711556444707613E-11  0.05313767351533156      -0.01155267890031264
0.06079530645013023       -0.0065759511807370885   0.08                     -1.1515814581319152E-11  0.060795306450130225     -0.0065759511807370885
0.04586968352439354       -0.00552173049187344     0.08                     -2.2052279755650703E-11  0.04586968352439353      -0.00552173049187344
0.03837955773592122       -0.0015888128770608564   0.08                     -3.081671169853025E-11   0.03837955773592122      -0.0015888128770608564
0.06289575953161052       -6.0787624261259E-4      0.08                     -1.052601010864564E-11   0.06289575953161052      -6.0787624261259E-4
0.03781069904167715       0.006387554314373149     0.07999999999999999      -3.105815590771396E-11   0.03781069904167716      0.006387554314373149
0.03527134231211437       0.013513534858102916     0.08                     -3.252458435851756E-11   0.03527134231211437      0.013513534858102916
0.02693678482099207       0.026933341607154597     0.08000000000000002      -3.461454377470582E-11   0.02693678482099207      0.0269333416071546
0.03194448344237476       0.020610782772943002     0.08                     -3.325747958273813E-11   0.031944483442374765     0.020610782772943006
0.02796931482361614       0.03541155655445985      0.07999999999999999      -2.5711702454156663E-11  0.02796931482361614      0.03541155655445985
0.027618110912264845      0.04627910436928634      0.08                     -1.8108732415373085E-11  0.027618110912264845     0.04627910436928634
0.03575526248501522       0.04912290153292416      0.08000000000000002      -1.3278608774307566E-11  0.03575526248501521      0.04912290153292415
0.054483315985443106      -6.997421289913069E-4    0.08000000000000002      -1.5515248767258268E-11  0.0544833159854431       -6.997421289913069E-4
0.04551330060414151       0.003699082676491182     0.08                     -2.2524390367368023E-11  0.0455133006041415       0.003699082676491182
0.06070568736296418       0.006224447554492099     0.08                     -1.1583593623735303E-11  0.060705687362964174     0.006224447554492099
0.04358984586396923       0.01269683873424185      0.07999999999999999      -2.3069954273537168E-11  0.04358984586396924      0.01269683873424185
0.040159836909440055      0.02104009586724144      0.08000000000000002      -2.3698500151933546E-11  0.040159836909440055     0.02104009586724144
0.03460264665648326       0.028862345158609484     0.08                     -2.483426207512947E-11   0.034602646656483264     0.02886234515860948
0.03675661022622054       0.039394944846499025     0.08                     -1.748801380324489E-11   0.03675661022622053      0.039394944846499025
0.04220896055862617       0.045876435439158904     0.08                     -1.2068844224502904E-11  0.04220896055862617      0.045876435439158904
0.05316978013124449       0.010249850715534137     0.08                     -1.5844330103924528E-11  0.0531697801312445       0.010249850715534137
0.06139671375985898       0.012155582054288107     0.08                     -1.0775727064593422E-11  0.06139671375985898      0.012155582054288107
0.04979299090649435       0.021092153712121545     0.08                     -1.621695072549748E-11   0.049792990906494354     0.021092153712121548
0.044087292140029447      0.030743416669827495     0.08                     -1.6954631144194316E-11  0.04408729214002944      0.030743416669827495
0.045161000625247694      0.04055765728598028      0.08                     -1.2798645673486405E-11  0.045161000625247694     0.04055765728598027
0.05809820670792892       0.018685762353317148     0.08                     -1.176972143722236E-11   0.05809820670792892      0.018685762353317148
0.057602576616721454      0.024871120233805555     0.08                     -1.095236387615382E-11   0.057602576616721454     0.024871120233805555
0.0529340663724191        0.030022316248939855     0.08                     -1.2218975793305184E-11  0.0529340663724191       0.03002231624893986
0.05082274391013517       0.03608873598635795      0.08                     -1.1583877443471514E-11  0.05082274391013517      0.03608873598635795
