% Model:              pcal_mirror_deformation_3d_2beams.mph
% Version:            COMSOL 5.6.0.401
% Date:               Nov 21 2025, 12:07
% Dimension:          3
% Nodes:              610
% Expressions:        3
% Description:        Displacement field, Z component, x-coordinate, y-coordinate
% Length unit:        m
% X                       Y                        Z                        w (m)                    x (m)                    y (m)
-0.07458787050279471      -0.007839467289912918    0.07999999999999997      -8.888309286711264E-12   -0.07458787050279471     -0.007839467289912918
-0.07335999609166174      -0.015593239986274841    0.07999999999999997      -8.993825160964676E-12   -0.07335999609166174     -0.015593239986274841
-0.06716058269631209      -0.010512674409344606    0.08000000000000002      -1.709246389595988E-11   -0.06716058269631209     -0.010512674409344606
-0.06817455032971616      -0.0034525005034065984   0.08                     -1.6693886228249963E-11  -0.06817455032971616     -0.0034525005034065984
-0.075                    0                        0.08                     -8.867847943002258E-12   -0.075                   0
-0.06604886134944245      -0.017749121781637303    0.08000000000000002      -1.675158151232055E-11   -0.06604886134944245     -0.017749121781637303
-0.0713292096594843       -0.023176311611205702    0.07999999999999997      -9.151091304529861E-12   -0.0713292096594843      -0.023176311611205702
-0.06851583108803186      -0.030505261385574422    0.07999999999999999      -9.365363402195721E-12   -0.06851583108803186     -0.030505261385574422
-0.06376462482258766      -0.024173439768694023    0.08                     -1.71878266993383E-11    -0.06376462482258766     -0.02417343976869402
-0.07458908596708065      0.007839626105999796     0.08                     -8.903862817035848E-12   -0.07458908596708065     0.007839626105999796
-0.0679363828377805       0.003714395398751416     0.08                     -1.695523379368464E-11   -0.06793638283778049     0.003714395398751416
-0.0674651647042369       0.011007298460617432     0.08                     -1.667586560374649E-11   -0.0674651647042369      0.011007298460617432
-0.07336097335751122      0.015593346475658632     0.08000000000000002      -9.008829667638802E-12   -0.07336097335751122     0.015593346475658632
-0.060857036466246434     -0.031089026922486537    0.08                     -1.7310223862949672E-11  -0.06085703646624643     -0.03108902692248654
-0.06495177554317576      -0.037499966716002406    0.08                     -9.626746257959142E-12   -0.06495177554317576     -0.037499966716002406
-0.06067625057185087      -0.04408391809753979     0.07999999999999997      -9.919092551050241E-12   -0.060676250571850866    -0.04408391809753979
-0.05749358131833229      -0.03677173180138008     0.07999999999999999      -1.7715015332997908E-11  -0.057493581318332286    -0.03677173180138008
-3.535535266321626E-4     -0.00864644674544567     0.08000000000000002      -5.6992826986329155E-9   -3.535535266321626E-4    -0.00864644674544567
-9.225535516568933E-4     -0.008460481493707282    0.08                     -2.64345860582808E-9     -9.225535516568933E-4    -0.008460481493707282
-5.0E-4                   -0.009000000000000001    0.08                     -5.475714872312146E-9    -5.0E-4                  -0.009000000000000001
-3.535532545543328E-4     -0.009353553526632164    0.08000000000000002      -5.716903064958334E-9    -3.535532545543328E-4    -0.009353553526632164
-9.458913794386063E-4     -0.009501911791572532    0.08                     -2.613803880430908E-9    -9.458913794386063E-4    -0.009501911791572532
-0.07132922749615196      0.023176256720120806     0.08                     -9.170934719852022E-12   -0.07132922749615196     0.023176256720120806
-0.0655089968995434       0.017924838368359737     0.08000000000000002      -1.7340547451554482E-11  -0.06550899689954338     0.017924838368359734
-0.06367702952881225      0.024881000700575417     0.08                     -1.704587046537424E-11   -0.06367702952881225     0.024881000700575417
-0.0685158545617348       0.030505208658311148     0.08                     -9.387478067571341E-12   -0.0685158545617348      0.030505208658311148
-3.535532545543329E-4     0.008646446473367838     0.08000000000000002      -5.783629155630137E-9    -3.535532545543329E-4    0.008646446473367838
-5.0E-4                   0.009000000000000001     0.08                     -5.518173757815203E-9    -5.0E-4                  0.009000000000000001
-9.618205584923101E-4     0.00849744783985952      0.08000000000000002      -2.609054530214403E-9    -9.618205584923101E-4    0.00849744783985952
0                         -0.0085                  0.08                     -6.188018260516451E-9    0                        -0.0085
-1.4341891658934888E-4    -0.008078157172668424    0.08                     -3.0283786147498775E-9   -1.4341891658934888E-4   -0.008078157172668424
-0.052988950048745445     -0.04286079084587115     0.08                     -1.8192331754369495E-11  -0.05298895004874544     -0.04286079084587114
-0.05573575828807775      -0.050184747272377414    0.08                     -1.0243026801943176E-11  -0.05573575828807775     -0.05018474727237741
-0.05018470437959347      -0.0557357969065981      0.08000000000000002      -1.0580897293021164E-11  -0.05018470437959347     -0.0557357969065981
-0.04839329773043614      -0.047575290301373876    0.07999999999999999      -1.8882282723565726E-11  -0.04839329773043614     -0.04757529030137387
0                         -0.009500000000000001    0.08                     -6.243443578328278E-9    0                        -0.009500000000000001
-3.961369649893784E-4     -0.00996653119901559     0.08                     -2.6814699238107176E-9   -3.961369649893784E-4    -0.009966531199015591
-4.1291618964875085E-4    0.008012563568963793     0.08                     -2.6643992864393836E-9   -4.1291618964875085E-4   0.008012563568963793
0                         0.0085                   0.08                     -6.231526025398826E-9    0                        0.0085
-0.0649518044021882       0.03749991673258768      0.07999999999999999      -9.657364533601447E-12   -0.0649518044021882      0.03749991673258768
-0.060150323825617094     0.03143989399292518      0.07999999999999999      -1.791604783479161E-11   -0.06015032382561709     0.03143989399292518
-0.06067628449743351      0.04408387140455927      0.08000000000000002      -9.964236309551382E-12   -0.06067628449743351     0.04408387140455927
-0.05688806878831981      0.03723480489032239      0.08000000000000002      -1.8082315968161062E-11  -0.05688806878831981     0.03723480489032239
-3.535535266321627E-4     0.009353553254554337     0.08000000000000003      -5.7332695820210125E-9   -3.535535266321627E-4    0.009353553254554337
-9.076992864144283E-4     0.00955212997553935      0.08                     -2.667629273794465E-9    -9.076992864144283E-4    0.00955212997553935
0                         0.009500000000000001     0.08                     -6.188830086386003E-9    0                        0.009500000000000001
-4.74673660344007E-4      0.009933615573504799     0.08000000000000002      -2.7381308751125774E-9   -4.74673660344007E-4     0.009933615573504799
3.535532545543329E-4      -0.008646446473367838    0.08000000000000002      -5.708936298655955E-9    3.535532545543329E-4     -0.008646446473367838
6.032612404631085E-4      -0.008120564266224588    0.08                     -2.6325996180235067E-9   6.032612404631085E-4     -0.008120564266224588
-0.04408387140455927      -0.06067628449743351     0.08000000000000002      -1.0906530877711418E-11  -0.04408387140455927     -0.06067628449743351
-0.043347377749163495     -0.05274076493096447     0.08                     -1.879131422205668E-11   -0.043347377749163495    -0.05274076493096447
-0.03749991673258768      -0.0649518044021882      0.07999999999999999      -1.1224908828665879E-11  -0.03749991673258768     -0.0649518044021882
-0.03762594162414251      -0.05677503711390924     0.08                     -1.9342026608079078E-11  -0.03762594162414251     -0.05677503711390924
2.817861905217815E-4      -0.009891205657506029    0.08                     -3.0407715915324607E-9   2.817861905217815E-4     -0.009891205657506029
3.535535266321627E-4      -0.009353553254554337    0.08000000000000003      -5.763772253548964E-9    3.535535266321627E-4     -0.009353553254554337
5.0E-4                    -0.009000000000000001    0.08                     -5.5240851068960536E-9   5.0E-4                   -0.009000000000000001
0.0010011411775074537     -0.00875849496441898     0.08000000000000002      -2.670494726268992E-9    0.0010011411775074537    -0.00875849496441898
3.001746528494935E-4      0.008097299827369911     0.08000000000000002      -2.975830101619092E-9    3.001746528494935E-4     0.008097299827369911
3.535535266321626E-4      0.00864644674544567      0.08000000000000002      -5.762136526919354E-9    3.5355352663216257E-4    0.00864644674544567
-0.0557357969065981       0.05018470437959347      0.08000000000000002      -1.029476851611635E-11   -0.0557357969065981      0.05018470437959347
-0.05243854114853104      0.04290525991458695      0.08000000000000002      -1.873502744949768E-11   -0.05243854114853103     0.04290525991458694
-0.050184747272377414     0.05573575828807775      0.08                     -1.0637447347810474E-11  -0.05018474727237741     0.05573575828807775
-0.04777465010316387      0.04834829043622759      0.07999999999999999      -1.8870501675478005E-11  -0.04777465010316387     0.04834829043622759
3.535532545543328E-4      0.009353553526632164     0.08000000000000002      -5.781066166832027E-9    3.535532545543328E-4     0.009353553526632164
5.512781543718231E-4      0.009743878717184712     0.08                     -3.027402556061244E-9    5.512781543718231E-4     0.009743878717184712
5.0E-4                    0.009000000000000001     0.08                     -5.538054035332637E-9    5.0E-4                   0.009000000000000001
0.0010160692724686983     0.00921745414676433      0.08                     -2.691707720572213E-9    0.0010160692724686983    0.00921745414676433
8.040445833522487E-4      -0.009550320454332316    0.08000000000000002      -2.844421886446438E-9    8.040445833522487E-4     -0.009550320454332316
-0.031314831886373615     -0.06082247317323145     0.08000000000000002      -1.9334170777237582E-11  -0.03131483188637362     -0.06082247317323145
-0.030505208658311148     -0.0685158545617348      0.08                     -1.1512827389796882E-11  -0.030505208658311148    -0.0685158545617348
-0.023176256720120806     -0.07132922749615196     0.08                     -1.1736640165701016E-11  -0.023176256720120806    -0.07132922749615196
-0.025039461185797994     -0.06328576605737085     0.08                     -2.0029450287329228E-11  -0.025039461185797997    -0.06328576605737085
8.097798730305229E-4      0.008426317099280656     0.08                     -2.7834024278022407E-9   8.097798730305229E-4     0.008426317099280656
-0.04408391809753979      0.06067625057185087      0.07999999999999997      -1.0966413622954675E-11  -0.04408391809753979     0.060676250571850866
-0.042144266810350564     0.05284758512275637      0.08                     -1.9707859924862646E-11  -0.04214426681035056     0.05284758512275637
-0.037499966716002406     0.06495177554317576      0.08                     -1.1280419439885018E-11  -0.037499966716002406    0.06495177554317576
-0.03658070291537743      0.05726332343538345      0.08                     -1.9658743633812476E-11  -0.03658070291537743     0.05726332343538345
-0.0180394834880662       -0.06594067040458822     0.08                     -1.9910019668810254E-11  -0.018039483488066197    -0.06594067040458822
-0.015593346475658632     -0.07336097335751122     0.08000000000000002      -1.190316664049822E-11   -0.015593346475658632    -0.07336097335751122
-0.007839626105999796     -0.07458908596708065     0.08                     -1.2008203691761066E-11  -0.007839626105999796    -0.07458908596708065
-0.01172847570020375      -0.0674422930996367      0.08                     -1.9953994760495814E-11  -0.01172847570020375     -0.06744229309963669
-0.030505261385574422     0.06851583108803186      0.07999999999999999      -1.1566149684796001E-11  -0.030505261385574422    0.06851583108803186
-0.030173108829019357     0.060457634743565095     0.08                     -2.045506268100086E-11   -0.030173108829019357    0.06045763474356509
-0.023176311611205702     0.0713292096594843       0.07999999999999997      -1.1801750337522025E-11  -0.023176311611205702    0.0713292096594843
-0.024038050294875483     0.0636680237976131       0.07999999999999999      -2.0158050064047E-11     -0.024038050294875487    0.0636680237976131
0                         -0.075                   0.08                     -1.2051821668842783E-11  0                        -0.075
-0.004002453587545763     -0.06820568276011357     0.08                     -2.0222120186149496E-11  -0.004002453587545764    -0.06820568276011357
0.007839467289912918      -0.07458787050279471     0.07999999999999997      -1.200739532398739E-11   0.007839467289912918     -0.07458787050279471
0.002573362850490044      -0.06840982741238129     0.08                     -2.0062957653960615E-11  0.002573362850490044     -0.06840982741238129
-0.015593239986274841     0.07335999609166174      0.07999999999999997      -1.1976862546829832E-11  -0.015593239986274841    0.07335999609166174
-0.01700212586467122      0.06542486112471294      0.08                     -2.0946533670325337E-11  -0.01700212586467122     0.06542486112471292
-0.007839467289912918     0.07458787050279471      0.07999999999999997      -1.2083266018263978E-11  -0.007839467289912918    0.07458787050279471
-0.010265855403306386     0.06730593039113067      0.08                     -2.0515302521996264E-11  -0.010265855403306386    0.06730593039113066
0.015593239986274841      -0.07335999609166174     0.07999999999999997      -1.1902401235783472E-11  0.015593239986274841     -0.07335999609166174
0.010250626601384474      -0.0674800021800958      0.08                     -2.0225742166663444E-11  0.010250626601384474     -0.0674800021800958
0.023176311611205702      -0.0713292096594843      0.07999999999999997      -1.172845585177566E-11   0.023176311611205702     -0.0713292096594843
0.01685277572870339       -0.06591012467327596     0.08000000000000002      -2.035234043096254E-11   0.01685277572870339      -0.06591012467327596
0                         0.075                    0.08                     -1.2124886007618673E-11  0                        0.075
-0.0031072274075467643    0.06756065245570227      0.08                     -2.114397796820623E-11   -0.0031072274075467643   0.06756065245570227
0.007839626105999796      0.07458908596708065      0.08                     -1.2086894487629237E-11  0.007839626105999796     0.07458908596708065
0.004090434311199348      0.06797161086189457      0.08                     -2.0576921683404878E-11  0.004090434311199348     0.06797161086189457
0.030505261385574422      -0.06851583108803186     0.07999999999999999      -1.150490634823706E-11   0.030505261385574422     -0.06851583108803186
0.024023567887288683      -0.0638561859783364      0.08000000000000002      -1.987651990730228E-11   0.024023567887288683     -0.06385618597833641
0.037499966716002406      -0.06495177554317576     0.08                     -1.1223083638630741E-11  0.037499966716002406     -0.06495177554317576
0.030325356167290207      -0.0607119204577935      0.08                     -2.0033186793729543E-11  0.030325356167290207     -0.0607119204577935
0.015593346475658632      0.07336097335751122      0.08000000000000002      -1.1982110594385321E-11  0.015593346475658632     0.07336097335751122
0.011065955255020028      0.06663811662269549      0.08                     -2.1148500821665905E-11  0.011065955255020028     0.06663811662269549
0.023176256720120806      0.07132922749615196      0.08                     -1.1811991876409426E-11  0.023176256720120806     0.07132922749615196
0.017618618087734697      0.06554941878640558      0.07999999999999999      -2.0597799925208428E-11  0.017618618087734697     0.06554941878640558
0.04408391809753979       -0.06067625057185087     0.07999999999999997      -1.0925701489791691E-11  0.04408391809753979      -0.060676250571850866
0.03688889532408434       -0.05742585502999316     0.08                     -1.9218177910069522E-11  0.03688889532408434      -0.05742585502999315
0.030505208658311148      0.0685158545617348       0.08                     -1.1575992034291478E-11  0.030505208658311148     0.0685158545617348
0.02434270745550378       0.06319224875853607      0.08000000000000002      -2.055150079834848E-11   0.02434270745550378      0.06319224875853607
0.03749991673258768       0.0649518044021882       0.07999999999999999      -1.1292274239185652E-11  0.03749991673258768      0.0649518044021882
0.03132654751403169       0.06022996821758615      0.08                     -2.0028190404822654E-11  0.03132654751403169      0.060229968217586145
0.050184747272377414      -0.05573575828807775     0.08                     -1.0590581596604398E-11  0.05018474727237741      -0.05573575828807775
0.04216439034585953       -0.05323035272921042     0.08                     -1.929075719558683E-11   0.04216439034585953      -0.053230352729210416
0.04408387140455927       0.06067628449743351      0.08000000000000002      -1.0980720854298912E-11  0.04408387140455927      0.06067628449743351
0.03705632368674579       0.05629408897261641      0.08                     -2.0270880184083706E-11  0.03705632368674578      0.0562940889726164
0.0557357969065981        -0.05018470437959347     0.08000000000000002      -1.0260815141746643E-11  0.0557357969065981       -0.05018470437959347
0.04791318478651026       -0.048026139425816475    0.08                     -1.8955752482914696E-11  0.04791318478651025      -0.04802613942581647
0.05018470437959347       0.0557357969065981       0.08000000000000002      -1.064533939559271E-11   0.05018470437959347      0.0557357969065981
0.043010009162272766      0.052430770786238534     0.08                     -1.938699802410149E-11   0.043010009162272766     0.052430770786238534
0.06067628449743351       -0.04408387140455927     0.08000000000000002      -9.930784955681389E-12   0.06067628449743351      -0.04408387140455927
0.051907968265012816      -0.04286363258005843     0.08                     -1.9219643539489822E-11  0.051907968265012816     -0.04286363258005843
0.05573575828807775       0.050184747272377414     0.08                     -1.0300694914361403E-11  0.05573575828807775      0.05018474727237741
0.04807478172171148       0.04712706328408775      0.08                     -1.9581785043778403E-11  0.04807478172171148      0.04712706328408775
0.0649518044021882        -0.03749991673258768     0.07999999999999999      -9.622146188798979E-12   0.0649518044021882       -0.03749991673258768
0.056221820104192646      -0.03723765998958484     0.08000000000000002      -1.8716247662631308E-11  0.05622182010419264      -0.03723765998958484
0.06067625057185087       0.04408391809753979      0.07999999999999997      -9.971151208587477E-12   0.060676250571850866     0.04408391809753979
0.052903883630772607      0.042080746823838756     0.08                     -1.8870662739374272E-11  0.052903883630772607     0.042080746823838756
0.0685158545617348        -0.030505208658311148    0.08                     -9.352690765187239E-12   0.0685158545617348       -0.030505208658311148
0.05962880558606184       -0.031223524537547183    0.08                     -1.8543718202575116E-11  0.05962880558606184      -0.03122352453754718
0.06495177554317576       0.037499966716002406     0.08                     -9.656786290577502E-12   0.06495177554317576      0.037499966716002406
0.0569751013425558        0.036028526523724735     0.08                     -1.8716958763372953E-11  0.056975101342555796     0.036028526523724735
0.07132922749615196       -0.023176256720120806    0.08                     -9.147473003232475E-12   0.07132922749615196      -0.023176256720120806
0.06334676837893538       -0.0244522979117587      0.07999999999999999      -1.7549933335586306E-11  0.06334676837893538      -0.024452297911758705
0.06851583108803186       0.030505261385574422     0.07999999999999999      -9.388877670927952E-12   0.06851583108803186      0.030505261385574422
0.06045841982447939       0.030460550747927417     0.08                     -1.807218389583948E-11   0.060458419824479394     0.030460550747927417
0.07336097335751122       -0.015593346475658632    0.08000000000000002      -8.9962290211797E-12     0.07336097335751122      -0.015593346475658632
0.06502416793904808       -0.018328153454142196    0.08000000000000002      -1.7744070337584966E-11  0.06502416793904808      -0.018328153454142196
0.0713292096594843        0.023176311611205702     0.07999999999999997      -9.170680990452172E-12   0.0713292096594843       0.023176311611205702
0.06353585989372731       0.023786577980197114     0.08                     -1.7618624199379347E-11  0.06353585989372733      0.023786577980197118
0.07458908596708065       -0.007839626105999796    0.08                     -8.906105556486478E-12   0.07458908596708065      -0.007839626105999796
0.0667875634670122        -0.01132218782376243     0.08000000000000002      -1.738410089282767E-11   0.0667875634670122       -0.01132218782376243
0.07335999609166174       0.015593239986274841     0.07999999999999997      -9.002654240275972E-12   0.07335999609166174      0.015593239986274841
0.06530727807738237       0.016708619282765076     0.08                     -1.789546504257695E-11   0.06530727807738236      0.016708619282765073
0.075                     0                        0.08                     -8.872573640710831E-12   0.075                    0
0.06747019234034794       -0.004301072859908647    0.08                     -1.745669307002741E-11   0.06747019234034794      -0.004301072859908647
0.07458787050279471       0.007839467289912918     0.07999999999999997      -8.908162969345697E-12   0.07458787050279471      0.007839467289912918
0.06762766106227154       0.002780600562352624     0.08                     -1.736232454612709E-11   0.06762766106227154      0.002780600562352624
0.0669484615932165        0.010004334779205308     0.08                     -1.7426995983804488E-11  0.0669484615932165       0.010004334779205308
-1.6381160325529016E-4    -0.008840871740015587    0.08                     -1.4270064301601333E-8   -1.6381160325529016E-4   -0.008840871740015587
-1.2762795172777155E-4    -0.009131274135731584    0.08000000000000002      -1.6439681342491662E-8   -1.2762795172777155E-4   -0.009131274135731586
1.2008868761839711E-4     -0.008877769162115242    0.08                     -1.7052494533228523E-8   1.200886876183971E-4     -0.008877769162115244
1.563197694351903E-4      -0.009167945725213436    0.08                     -1.437737751099059E-8    1.563197694351903E-4     -0.009167945725213436
-1.6857790531258916E-4    0.008840895642530145     0.08                     -1.4100272176897682E-8   -1.6857790531258916E-4   0.008840895642530145
-1.3231644978741212E-4    0.009120857872446842     0.07999999999999999      -1.6490213936505017E-8   -1.3231644978741212E-4   0.009120857872446842
1.6128947713530878E-4     0.00916258728971462      0.08                     -1.437299232854273E-8    1.6128947713530878E-4    0.00916258728971462
1.2100761360435873E-4     0.008876942364882836     0.08                     -1.697285981083529E-8    1.2100761360435873E-4    0.008876942364882836
-0.06191877087052314      -0.012963618038504057    0.08000000000000002      -2.2644137045536628E-11  -0.06191877087052313     -0.012963618038504057
-0.06088430507887668      -0.006087186742375274    0.08                     -2.4994949095777078E-11  -0.060884305078876676    -0.006087186742375274
-0.06331838009016039      2.533452905598421E-4     0.08000000000000002      -2.2427586237999636E-11  -0.06331838009016039     2.533452905598421E-4
-0.05260943726530154      -0.010771777526009413    0.08000000000000002      -3.513862949026101E-11   -0.05260943726530154     -0.010771777526009413
-0.05810800720625565      -0.018749729410503242    0.08                     -2.5490474182646442E-11  -0.05810800720625565     -0.01874972941050324
-0.05783886142527322      -0.025619474776967473    0.08                     -2.3111433647670472E-11  -0.05783886142527321     -0.025619474776967473
-0.001202726681154273     -0.008753499174568163    0.07999999999999999      -2.2698729121558263E-9   -0.001202726681154273    -0.008753499174568163
-0.0012288193394769144    -0.009155446412498207    0.08                     -2.294027614893139E-9    -0.0012288193394769144   -0.009155446412498207
-0.05431354973673484      7.439189139305871E-4     0.08                     -3.401687783060988E-11   -0.05431354973673485     7.439189139305871E-4
-0.04558213784601623      -0.002943476031535587    0.08                     -4.902777145732772E-11   -0.04558213784601623     -0.002943476031535587
-0.06093307542074279      0.006543385195284468     0.08                     -2.4898542817826684E-11  -0.060933075420742784    0.006543385195284468
-0.061593937193591346     0.013606556232255908     0.08                     -2.289300155478304E-11   -0.06159393719359134     0.013606556232255906
-0.0012628830823317345    0.008860586992757206     0.08                     -2.200451938718816E-9    -0.0012628830823317345   0.008860586992757206
-0.0011679814288488473    0.00927277677849083      0.08                     -2.3577185148012154E-9   -0.0011679814288488473   0.00927277677849083
-0.04484898739963973      0.006704229539160118     0.07999999999999999      -4.981729233902876E-11   -0.044848987399639724    0.006704229539160118
-0.03845004703767278      0.0025326597911172824    0.08                     -6.692212035408619E-11   -0.03845004703767279     0.0025326597911172824
-0.0376446849012341       -0.005856878035716308    0.08                     -6.844586279472185E-11   -0.0376446849012341      -0.005856878035716308
-0.03634553390573972      0.010317300973381363     0.08                     -7.008774887126481E-11   -0.03634553390573972     0.010317300973381363
-0.0015221173125971633    -0.008260940457274747    0.08                     -1.6976905370288221E-9   -0.0015221173125971633   -0.008260940457274747
-0.0012157246038873998    -0.007684463365116627    0.08                     -1.618063935274874E-9    -0.0012157246038873998   -0.007684463365116627
-6.39133336481263E-4      -0.007903898495568211    0.08                     -2.27127214097927E-9     -6.39133336481263E-4     -0.007903898495568211
-0.04375594049057217      -0.012528908262944984    0.08                     -4.9879722406825805E-11  -0.04375594049057218     -0.012528908262944982
-0.04926977803557572      -0.021664827300305528    0.08                     -3.5541288762593175E-11  -0.049269778035575716    -0.021664827300305528
-0.052895192064121035     -0.03048014414674606     0.08000000000000002      -2.6137160809737718E-11  -0.05289519206412103     -0.030480144146746057
-0.05111446920258255      -0.03687233196143612     0.08                     -2.4081977552622022E-11  -0.051114469202582544    -0.03687233196143612
-0.0018095557634666137    -0.008867579205253433    0.08                     -1.5836184284718107E-9   -0.0018095557634666137   -0.008867579205253433
-0.0025423746962640915    -0.008249212622140484    0.08                     -1.113253823288423E-9    -0.0025423746962640915   -0.008249212622140484
-0.0016711945541510002    -0.009632608959778778    0.08                     -1.5952536755089113E-9   -0.0016711945541510002   -0.009632608959778778
-0.03610825487767516      -0.013669016876458696    0.08000000000000002      -6.801192279354933E-11   -0.03610825487767516     -0.013669016876458695
-0.0013856208166777503    -0.010294831325332501    0.08                     -1.5019019422683531E-9   -0.0013856208166777503   -0.010294831325332501
-0.0018327189907908041    0.009178612783138862     0.08                     -1.5693361978946625E-9   -0.0018327189907908041   0.009178612783138862
-0.0014917939250232888    0.009766014345568001     0.08                     -1.695090513198959E-9    -0.0014917939250232888   0.009766014345568001
-0.0017053034326216243    0.008372848508043498     0.08                     -1.5834989655323596E-9   -0.0017053034326216243   0.008372848508043498
-0.002130363517614302     -0.007408640472390891    0.08000000000000002      -1.1169808368359124E-9   -0.002130363517614302    -0.007408640472390891
-0.0014691969846597833    0.007644637267335143     0.08                     -1.4668692428542566E-9   -0.0014691969846597833   0.007644637267335143
-0.0015438255995734902    -0.006477472003679485    0.07999999999999999      -1.0283427576400685E-9   -0.0015438255995734902   -0.006477472003679485
-0.05299936975117624      0.012043264747713181     0.08                     -3.421712900921185E-11   -0.052999369751176244    0.012043264747713181
-0.058234153987861276     0.018904907612515412     0.08                     -2.531868230081256E-11   -0.05823415398786127     0.018904907612515412
-0.057128749558007494     0.026096788347999812     0.08                     -2.3711544282020717E-11  -0.057128749558007494    0.026096788347999812
-0.0025339954450702105    0.009784050742158892     0.08                     -1.1048922651438467E-9   -0.0025339954450702105   0.009784050742158892
-0.04276389362837835      0.01575251066644135      0.08                     -5.010466916991543E-11   -0.04276389362837835     0.015752510666441347
-0.001161478381793788     0.010272886108975879     0.08                     -1.669067141062905E-9    -0.001161478381793788    0.010272886108975879
-0.002078345760817328     0.010549152501976834     0.08                     -1.1272624914179216E-9   -0.002078345760817328    0.010549152501976834
-0.003489372414854204     0.010877384204608306     0.07999999999999999      -7.536726568749532E-10   -0.003489372414854204    0.010877384204608306
-0.033784117441991425     0.01757407862565201      0.08000000000000002      -7.072392301477556E-11   -0.033784117441991425    0.01757407862565201
-0.03201478821398452      -0.00832412509357678     0.08                     -8.727960627545896E-11   -0.03201478821398452     -0.00832412509357678
-0.00393832684281549      0.009693437165819399     0.08                     -7.53414059353885E-10    -0.00393832684281549     0.009693437165819399
-0.0030058799578262796    0.00858415481728482      0.08                     -9.833897092978728E-10   -0.0030058799578262796   0.00858415481728482
-0.004855910219986152     0.008700614126765163     0.07999999999999999      -6.375197091957403E-10   -0.004855910219986152    0.008700614126765163
-0.0035949826956032972    -0.007217582183839603    0.08000000000000002      -7.735623891851739E-10   -0.0035949826956032972   -0.007217582183839603
-0.0037527644108771227    -0.008527154773748866    0.08                     -7.997762394030315E-10   -0.0037527644108771227   -0.008527154773748866
-0.0026553555376633738    -0.006468338846713474    0.08                     -8.410685804805865E-10   -0.0026553555376633738   -0.006468338846713474
-0.03087882002201191      -0.0011355127396740008   0.08                     -9.575077282482651E-11   -0.03087882002201191     -0.0011355127396740008
-0.032416732669635934     0.005482173741469615     0.08                     -8.747212467234115E-11   -0.032416732669635934    0.005482173741469615
-0.027842064890283597     0.011498895432059127     0.08000000000000002      -1.0264277070590425E-10  -0.027842064890283597    0.011498895432059128
-0.022892730429938283     0.016356676146551848     0.08000000000000002      -1.1898050377036905E-10  -0.022892730429938283    0.016356676146551848
-0.020526787053865004     0.012004862309878538     0.07999999999999999      -1.488173870988074E-10   -0.020526787053865004    0.012004862309878538
-6.435054522869917E-4     -0.006921155562959282    0.08                     -1.3579868365538353E-9   -6.435054522869917E-4    -0.006921155562959282
4.4455604789613024E-5     -0.007366736569113921    0.08                     -1.760611364789307E-9    4.4455604789613024E-5    -0.007366736569113921
3.213632846298699E-4      -0.007873751075362923    0.08                     -2.4493607767484685E-9   3.213632846298699E-4     -0.007873751075362923
-0.04035776259884724      -0.021423697423233794    0.07999999999999999      -5.0514770354919364E-11  -0.04035776259884724     -0.021423697423233797
-0.03196607248850538      -0.020221658533688028    0.08                     -7.238104631436006E-11   -0.03196607248850538     -0.020221658533688028
-0.04397751616268226      -0.03162380093195417     0.07999999999999999      -3.5916269066840364E-11  -0.04397751616268226     -0.03162380093195417
-0.045696260820418576     -0.040495750460083316    0.07999999999999999      -2.691507890290337E-11   -0.045696260820418576    -0.04049575046008331
-0.04259039666891639      -0.04638830413882445     0.08                     -2.4950927850513585E-11  -0.04259039666891639     -0.04638830413882445
-0.0029123034118824567    -0.009444836838269056    0.08                     -9.982833893235784E-10   -0.0029123034118824567   -0.009444836838269058
-0.0022845993418955483    -0.01024650336742873     0.08000000000000002      -1.1138500812853359E-9   -0.0022845993418955483   -0.01024650336742873
-0.005685537132345937     -0.007884767393268328    0.07999999999999999      -5.469849791860129E-10   -0.005685537132345937    -0.007884767393268328
-0.027557801523272932     -0.013825377290762178    0.08                     -9.994619035975083E-11   -0.02755780152327293     -0.013825377290762178
-0.002135935504273323     -0.011210448962093542    0.07999999999999999      -9.519362318293454E-10   -0.002135935504273323    -0.011210448962093542
-0.004449379763675883     -0.009470103001731005    0.08                     -6.805251921470744E-10   -0.004449379763675883    -0.009470103001731005
-9.82306599951601E-4      -0.01094215963077727     0.08000000000000002      -1.3278975994138276E-9   -9.82306599951601E-4     -0.01094215963077727
3.641161013519592E-5      -0.010762170980955721    0.07999999999999999      -1.631285785717216E-9    3.641161013519592E-5     -0.010762170980955721
-0.025553573679459818     -0.019817736531181337    0.07999999999999999      -9.602898589746458E-11   -0.025553573679459818    -0.019817736531181337
9.63255728809894E-4       -0.008390470129202368    0.07999999999999999      -2.4739042234798695E-9   9.63255728809894E-4      -0.008390470129202368
-0.0027150478556612       0.007713360598536015     0.08                     -9.975887150819052E-10   -0.0027150478556612      0.007713360598536015
-0.0022075515767051752    0.006791786342007104     0.08000000000000002      -9.785889123315295E-10   -0.0022075515767051752   0.006791786342007104
-0.003325289658848034     0.006868334380221414     0.08000000000000002      -7.888164286402432E-10   -0.003325289658848034    0.006868334380221414
-0.0010074177978985563    0.006963565346739704     0.08                     -1.3070854287187096E-9   -0.0010074177978985563   0.006963565346739704
-0.001838355486161597     0.005910306326128531     0.08                     -8.711404343241631E-10   -0.001838355486161597    0.005910306326128531
2.052034788500856E-5      0.0071749041000609       0.08                     -1.5954119873381164E-9   2.052034788500856E-5     0.0071749041000609
-0.002251772337328751     -0.004880650701610929    0.08                     -7.014043077188656E-10   -0.002251772337328751    -0.004880650701610929
-7.003243934987496E-4     -0.005739591162240779    0.08                     -9.325480157193498E-10   -7.003243934987496E-4    -0.005739591162240779
-0.04935708929335859      0.022731597787035956     0.07999999999999999      -3.4875115000313745E-11  -0.04935708929335859     0.022731597787035956
-0.05289888984772878      0.030451218839953165     0.08                     -2.618620116223997E-11   -0.05289888984772878     0.030451218839953165
-0.050587343192254317     0.03725199241621613      0.08                     -2.441521898692474E-11   -0.050587343192254317    0.03725199241621613
-1.0860517964413757E-4    0.010254638497256732     0.08                     -2.219937365496882E-9    -1.0860517964413757E-4   0.010254638497256732
-0.005402732121919829     0.010649035046011862     0.08000000000000002      -5.438563003584848E-10   -0.005402732121919829    0.010649035046011862
-0.007391849689648129     0.008717858781141868     0.08000000000000002      -4.364188038983858E-10   -0.007391849689648129    0.008717858781141868
3.2650938278969144E-4     0.010187764985170572     0.08000000000000002      -2.3269971521656877E-9   3.2650938278969144E-4    0.010187764985170572
9.347027950825752E-4      0.009561312963344226     0.07999999999999999      -2.600426128291345E-9    9.347027950825752E-4     0.009561312963344226
-0.03862351641310245      0.02426788221206199      0.08000000000000002      -5.124200012949221E-11   -0.03862351641310246     0.024267882212061994
-6.174430108843547E-4     0.010671824133951124     0.07999999999999999      -1.6142789212684462E-9   -6.174430108843547E-4    0.010671824133951124
-0.0014632186820613922    0.011322073199233548     0.07999999999999999      -1.0640158334786775E-9   -0.0014632186820613922   0.011322073199233548
-0.0026528288947754095    0.011545769029976317     0.08                     -8.046496622305487E-10   -0.0026528288947754095   0.011545769029976317
-0.003943581309716747     0.012320532523298997     0.08                     -5.812224954716653E-10   -0.003943581309716747    0.012320532523298997
-0.0059783886852663205    0.012913304926746375     0.07999999999999999      -4.2713910076876564E-10  -0.0059783886852663205   0.012913304926746375
-0.02721963651003679      0.018462580445312717     0.08                     -9.237767596413952E-11   -0.02721963651003679     0.018462580445312717
-0.029367435367329216     0.024234442747597944     0.08                     -7.309062093355468E-11   -0.029367435367329216    0.024234442747597947
-0.02275082136465732      -0.004501662068643608    0.08                     -1.4475005922710542E-10  -0.022750821364657316    -0.004501662068643608
-0.004051615000274327     0.0075803032735693235    0.08000000000000002      -7.214152683753391E-10   -0.004051615000274327    0.0075803032735693235
-0.0061076723789319845    0.0072710653254186505    0.08                     -5.117805350239746E-10   -0.0061076723789319845   0.0072710653254186505
-0.008371536857568807     0.00594958662836368      0.08000000000000002      -3.889842133236759E-10   -0.008371536857568807    0.00594958662836368
-0.011346600937079832     0.008110422286372584     0.08                     -2.9601120091575606E-10  -0.01134660093707983     0.008110422286372584
-0.006076648012406809     0.005551190656359867     0.08000000000000002      -4.881791337568118E-10   -0.006076648012406809    0.005551190656359867
-0.003212685434628857     0.005887128408321889     0.08                     -7.142215913190257E-10   -0.003212685434628857    0.005887128408321889
-0.004522676728844047     0.0062361282956952535    0.08                     -6.130088361160955E-10   -0.004522676728844047    0.0062361282956952535
-0.004328744634152351     -0.005752845560785744    0.08                     -6.060381601937445E-10   -0.004328744634152351    -0.005752845560785744
-0.0059840089486348745    -0.005428417430976724    0.07999999999999999      -4.890212536004211E-10   -0.0059840089486348745   -0.005428417430976724
-0.008699631091431188     -0.006577575449689933    0.08                     -3.7959861675446507E-10  -0.008699631091431188    -0.006577575449689933
-0.004642219940043012     0.004697291476257422     0.08                     -5.44915097899281E-10    -0.004642219940043012    0.004697291476257422
-0.006745094647062064     0.003849529718497814     0.08                     -4.3326376967173327E-10  -0.006745094647062064    0.003849529718497814
-0.009875286098277779     0.0025298091673633324    0.07999999999999999      -3.3408082737378047E-10  -0.009875286098277779    0.0025298091673633324
-0.006854335324851347     0.001125946371630264     0.08                     -4.084305610327457E-10   -0.006854335324851345    0.001125946371630264
-0.007581069068953596     -0.003092256850233996    0.08                     -3.984273393078017E-10   -0.007581069068953596    -0.003092256850233996
-0.011682607867463519     -0.004870512269624823    0.08000000000000002      -2.9344739738717116E-10  -0.011682607867463517    -0.004870512269624823
-0.010707635458409553     -0.0010591757775431018   0.08                     -3.129452116752014E-10   -0.010707635458409553    -0.0010591757775431018
-0.01531043266709093      -0.002935035629091462    0.07999999999999999      -2.2878097530039802E-10  -0.015310432667090928    -0.002935035629091462
-0.013145541606760593     0.0013057288429959568    0.08                     -2.6565866680521606E-10  -0.013145541606760593    0.0013057288429959568
-0.02381991359823427      0.005286708960613631     0.07999999999999999      -1.357791969052666E-10   -0.02381991359823427     0.005286708960613631
-0.016394253579542422     0.008185925293447971     0.08                     -2.0475028643814833E-10  -0.016394253579542422    0.008185925293447971
-0.017670076699261544     0.002678340767342982     0.08                     -1.972953019201004E-10   -0.017670076699261544    0.002678340767342982
-0.01306491516221233      0.004706787938198814     0.08                     -2.6562593806731897E-10  -0.013064915162212332    0.004706787938198814
-0.015778259122332876     0.012299833339295664     0.08                     -1.9599058773085628E-10  -0.015778259122332876    0.012299833339295664
-0.016770316397262983     0.016612574939381855     0.08                     -1.6200909901750404E-10  -0.016770316397262983    0.016612574939381855
-0.021820608314477716     0.02202148371083712      0.08                     -1.0579584262804553E-10  -0.021820608314477716    0.02202148371083712
-0.008761921612636878     0.011589116109597876     0.08000000000000002      -3.4602166762478117E-10  -0.008761921612636878    0.011589116109597878
-0.012426226705805923     0.011156298060501252     0.08000000000000002      -2.55229627632083E-10    -0.012426226705805923    0.011156298060501252
-0.01219226636175506      0.014092823762096328     0.07999999999999999      -2.353449844348805E-10   -0.012192266361755062    0.01409282376209633
-0.004495964671154137     -0.0037326794037732744   0.08                     -5.189379345943754E-10   -0.004495964671154137    -0.0037326794037732744
-6.430629130891458E-6     -0.006270745925769712    0.08                     -1.1069587609779603E-9   -6.430629130891458E-6    -0.006270745925769712
8.900287741426954E-4      -0.006370746040346459    0.08000000000000002      -1.0842878897558228E-9   8.900287741426954E-4     -0.006370746040346459
4.461220171221719E-4      -0.005225048162325045    0.08                     -8.376303497635838E-10   4.461220171221719E-4     -0.005225048162325045
0.001117351852199154      -0.009152128241940262    0.08                     -2.4913642494297455E-9   0.001117351852199154     -0.009152128241940262
9.342649884739804E-4      -0.0074541727262968024   0.08                     -1.6080070089621293E-9   9.342649884739804E-4     -0.0074541727262968024
0.0012271421588328328     -0.008070815994271278    0.07999999999999999      -1.8408368495640893E-9   0.0012271421588328328    -0.008070815994271278
-0.034987610159281236     -0.02921905122337625     0.08                     -5.216759536612886E-11   -0.034987610159281236    -0.029219051223376254
-0.027069586773268428     -0.026780395354296056    0.08                     -7.415536785201484E-11   -0.027069586773268428    -0.026780395354296053
-0.03685094921858674      -0.03995405695009249     0.07999999999999999      -3.6668951060448217E-11  -0.03685094921858673     -0.0399540569500925
-0.036139093323011205     -0.04944268696585576     0.07999999999999999      -2.7574205419800212E-11  -0.036139093323011205    -0.04944268696585576
-0.03195128138549612      -0.05406438543110034     0.08                     -2.5984413295392645E-11  -0.03195128138549612     -0.05406438543110035
-0.015763236543053467     -0.008071145241621613    0.08                     -2.1312159558013023E-10  -0.015763236543053467    -0.008071145241621613
-0.011587223863426883     -0.008858547635415916    0.08                     -2.8683450379854124E-10  -0.011587223863426881    -0.008858547635415916
-0.008383735383368177     -0.009181766268108738    0.07999999999999999      -3.850727148071264E-10   -0.008383735383368177    -0.009181766268108738
-0.0036828751481969915    -0.010956094260704936    0.08                     -7.116041932805287E-10   -0.0036828751481969915   -0.010956094260704938
-0.006360426474314684     -0.010830706215329104    0.08000000000000002      -4.657860054442649E-10   -0.006360426474314685    -0.010830706215329102
-4.2589630404926693E-4    -0.011757765914771456    0.08                     -1.038658517514582E-9    -4.2589630404926693E-4   -0.011757765914771456
-0.001431626848247252     -0.011814807061962633    0.07999999999999999      -9.206054983326331E-10   -0.001431626848247252    -0.011814807061962633
-0.020779445032284728     -0.014798442840228639    0.08000000000000002      -1.3741520042748603E-10  -0.020779445032284728    -0.014798442840228635
-0.002590134428755282     -0.012340607194702029    0.07999999999999999      -6.978124854813772E-10   -0.002590134428755282    -0.012340607194702029
8.739022702351842E-4      -0.010355342005348163    0.08                     -1.761463142229502E-9    8.739022702351842E-4     -0.010355342005348163
7.794466475090842E-4      -0.011505781095091414    0.08                     -1.1090702431115898E-9   7.794466475090842E-4     -0.011505781095091414
-0.019862566547954236     -0.022847094600598278    0.08000000000000002      -1.1144269465614495E-10  -0.019862566547954236    -0.022847094600598278
0.0015920313764099837     -0.008440822062060628    0.08000000000000002      -1.6976817342656155E-9   0.0015920313764099837    -0.008440822062060628
0.001558130585292656      -0.009000912161660518    0.08                     -1.826719164681722E-9    0.001558130585292656     -0.009000912161660518
-0.004629332474497559     0.002988565722875189     0.07999999999999999      -4.974393392847629E-10   -0.004629332474497559    0.002988565722875189
-5.761909359770397E-4     0.006150290207058949     0.08                     -1.0509323044072827E-9   -5.761909359770397E-4    0.006150290207058949
-0.002871406784172116     0.004379199773488433     0.07999999999999999      -6.279344269285134E-10   -0.002871406784172116    0.004379199773488433
-0.0010838240287184588    0.004778807536020162     0.08000000000000002      -7.493199833587332E-10   -0.0010838240287184588   0.004778807536020162
0.0011422012490192        0.008818037349950639     0.08                     -2.4276022913074514E-9   0.0011422012490192       0.008818037349950639
8.718336194047591E-4      0.007597352531023921     0.08                     -1.7504444897211613E-9   8.718336194047591E-4     0.007597352531023921
6.948674573249505E-4      0.006433993599090478     0.08                     -1.1378594853128508E-9   6.948674573249505E-4     0.006433993599090478
-0.0019535867984525265    -0.0021910968372081535   0.08                     -5.496522323062844E-10   -0.0019535867984525265   -0.0021910968372081535
-5.453575493241936E-4     -0.003966108072201151    0.08000000000000002      -6.737330716740938E-10   -5.453575493241936E-4    -0.003966108072201151
-0.04327279857223382      0.03218952908650112      0.08                     -3.6428387328093936E-11  -0.04327279857223382     0.03218952908650113
-0.04551713485826382      0.04072910838385252      0.08                     -2.696711139321866E-11   -0.045517134858263815    0.04072910838385252
-0.041533619833324036     0.04690842711597823      0.08                     -2.5490417638999662E-11  -0.041533619833324036    0.04690842711597823
2.2540640086193484E-4     0.010888147771100698     0.08                     -1.519154268273783E-9    2.2540640086193484E-4    0.010888147771100698
-0.007629932533832536     0.01542633604944424      0.08                     -3.0516158815097723E-10  -0.007629932533832538    0.01542633604944424
-0.01160862696063978      0.017409519785313216     0.08000000000000002      -2.093536785213549E-10   -0.01160862696063978     0.017409519785313216
7.793503905208846E-4      0.010764184801295443     0.08                     -1.4905665880451005E-9   7.793503905208846E-4     0.010764184801295443
0.001111118635298617      0.010123386497531445     0.08000000000000002      -1.8045339697334815E-9   0.001111118635298617     0.010123386497531445
0.0015935757272448232     0.009544895697426836     0.07999999999999999      -1.7022006501439916E-9   0.0015935757272448232    0.009544895697426836
0.0016168991780073465     0.00895357441875353      0.08                     -1.754507690116203E-9    0.0016168991780073465    0.00895357441875353
-0.03267191831200457      0.03174265439427368      0.08000000000000002      -5.291942303142941E-11   -0.03267191831200456     0.03174265439427368
-3.896497626067162E-4     0.011992421449824223     0.08                     -9.65572048200374E-10    -3.896497626067162E-4    0.011992421449824223
-0.0020310976120832824    0.013049771485063352     0.08                     -6.526856613124533E-10   -0.0020310976120832824   0.013049771485063352
-0.004423528135902376     0.014491728917908606     0.08                     -4.260061436409733E-10   -0.004423528135902376    0.014491728917908606
7.46267278205922E-4       0.011547498096397671     0.08                     -1.0953247677018925E-9   7.46267278205922E-4      0.011547498096397671
-0.023765555462826052     0.029772478643939476     0.08                     -7.568552028321298E-11   -0.023765555462826052    0.029772478643939476
-0.017673955112675287     0.027890910866066973     0.08                     -9.96703919629567E-11    -0.017673955112675287    0.027890910866066976
-0.0045629970233309475    -0.001070042447305783    0.08                     -4.692660491415052E-10   -0.0045629970233309475   -0.001070042447305783
-0.004012057000735248     0.001123444936065289     0.08                     -4.831363827457781E-10   -0.004012057000735248    0.001123444936065289
-0.01324977192905821      0.02256501159293294      0.08                     -1.491000640088211E-10   -0.013249771929058211    0.022565011592932945
0.0019606059644260744     -0.006437187048442088    0.07999999999999999      -9.494125926045762E-10   0.0019606059644260744    -0.006437187048442088
9.052554357429493E-4      -0.003936697143336408    0.08000000000000002      -6.65934130624581E-10    9.052554357429493E-4     -0.003936697143336408
0.0017032607056950491     -0.005010631180275962    0.07999999999999999      -7.467558369034726E-10   0.0017032607056950491    -0.005010631180275962
0.0016904791371167398     -0.00979285493267152     0.08000000000000002      -1.52715625315115E-9     0.0016904791371167398    -0.009792854932671522
0.002015574142574892      -0.007626465599016183    0.08                     -1.2068840498351211E-9   0.002015574142574892     -0.007626465599016183
-0.028204828239283403     -0.03586832202835695     0.07999999999999999      -5.3683947910867244E-11  -0.028204828239283403    -0.03586832202835694
-0.021045639947616185     -0.03149794315132329     0.08000000000000002      -7.741519329667807E-11   -0.021045639947616185    -0.03149794315132329
-0.027869962170647845     -0.04658187067265115     0.07999999999999999      -3.784305633622578E-11   -0.027869962170647848    -0.04658187067265114
-0.024917638305727755     -0.05588939502871802     0.08                     -2.8431999223700576E-11  -0.024917638305727755    -0.05588939502871803
-0.020018023854702485     -0.059557499839674996    0.08                     -2.6593301333749216E-11  -0.020018023854702485    -0.059557499839674996
-0.013390163150012641     -0.013451969713895562    0.08                     -2.2138341883794914E-10  -0.01339016315001264     -0.013451969713895562
-0.009823392994436658     -0.012219832691583075    0.08                     -3.0446465916837896E-10  -0.009823392994436658    -0.012219832691583075
-0.006991196066596456     -0.013578488286448906    0.08                     -3.6572115577756315E-10  -0.006991196066596456    -0.013578488286448906
-0.00449424445410207      -0.013312307104037698    0.08                     -4.830562023612333E-10   -0.00449424445410207     -0.013312307104037694
2.6731794120218866E-4     -0.012434527586883681    0.08000000000000002      -8.452799548542512E-10   2.6731794120218866E-4    -0.012434527586883681
-0.0010609558229697624    -0.013106441906677445    0.08                     -6.916760219651731E-10   -0.0010609558229697624   -0.013106441906677448
-0.014474437008823355     -0.01967709300897131     0.08                     -1.6129417119756535E-10  -0.014474437008823353    -0.019677093008971306
-0.002339903966880873     -0.013778368110528474    0.08000000000000002      -5.568897931159265E-10   -0.002339903966880873    -0.013778368110528474
-0.014177280778214951     -0.02728782515429541     0.08                     -1.143887483946672E-10   -0.014177280778214951    -0.027287825154295408
0.0018797554311191372     -0.011064954330892822    0.08                     -1.046339648552174E-9    0.0018797554311191372    -0.011064954330892822
0.0017046598297705568     -0.012639240407347256    0.08000000000000002      -7.296891274356768E-10   0.0017046598297705568    -0.012639240407347258
0.002467343806629659      -0.008872327078259655    0.07999999999999999      -1.1817256017905787E-9   0.002467343806629659     -0.008872327078259655
-0.0021022085780303436    0.002602403384579524     0.08                     -5.611520836321643E-10   -0.0021022085780303436   0.002602403384579524
-0.0026384683243755418    2.612278911738111E-4     0.08                     -5.064038129381912E-10   -0.0026384683243755418   2.612278911738111E-4
1.9152947515320082E-4     0.005488761228881103     0.08                     -8.917026558301743E-10   1.9152947515320082E-4    0.005488761228881103
-5.972013712343613E-4     3.1483786331380076E-4    0.08                     -5.307742244418622E-10   -5.972013712343613E-4    3.1483786331380076E-4
4.564386786593058E-4      0.003548460303769159     0.08                     -6.426861346752779E-10   4.564386786593058E-4     0.003548460303769159
0.001594045522082456      0.005222240196261038     0.08                     -7.822299698063418E-10   0.001594045522082456     0.005222240196261038
0.001730625881831288      0.008113861708194572     0.07999999999999999      -1.4957241381153448E-9   0.001730625881831288     0.008113861708194572
0.0019100760253557628     0.006707363208043646     0.08                     -1.0175134656740397E-9   0.0019100760253557628    0.006707363208043646
4.2535250589839993E-4     -0.0019745228790811545   0.08                     -5.598813423417454E-10   4.2535250589839993E-4    -0.0019745228790811545
-0.03583690529249706      0.040886237756565844     0.08                     -3.6858407523863706E-11  -0.03583690529249706     0.04088623775656585
-0.03612531682432846      0.04917808928502959      0.08                     -2.791406464252162E-11   -0.03612531682432846     0.04917808928502959
-0.030839014030283968     0.054667039431902625     0.08                     -2.617746586725678E-11   -0.030839014030283968    0.05466703943190263
8.874882007936166E-4      0.012842818523827418     0.08                     -7.468893044357386E-10   8.874882007936166E-4     0.012842818523827418
-0.0053150161570402095    0.016943250098216393     0.08                     -3.13067474729553E-10    -0.0053150161570402095   0.016943250098216393
-0.008049322879471073     0.019482148234565247     0.08                     -2.2323425633206195E-10  -0.008049322879471075    0.019482148234565247
0.0016961504656745653     0.011050008817881034     0.08                     -1.0963879703285948E-9   0.0016961504656745653    0.011050008817881034
0.0022735141518019954     0.010239035633670672     0.08                     -1.1255721444694009E-9   0.0022735141518019954    0.010239035633670672
0.00256173992989224       0.009110409774934186     0.08                     -1.1488461891926558E-9   0.00256173992989224      0.009110409774934186
-0.025660594137214297     0.03771526640752504      0.08                     -5.438788525789577E-11   -0.0256605941372143      0.03771526640752504
-2.482065483359677E-4     0.013970527404031728     0.07999999999999999      -5.964197259695796E-10   -2.482065483359677E-4    0.01397052740403173
-0.0022509167786104074    0.016079688550759058     0.07999999999999999      -4.0190749079870295E-10  -0.0022509167786104074   0.016079688550759058
-0.004084622512693762     0.01942816804696333      0.08000000000000002      -2.635514403461736E-10   -0.004084622512693762    0.01942816804696333
0.0019998401529428902     0.012488783601604866     0.08                     -7.339895343946126E-10   0.0019998401529428902    0.012488783601604866
0.0015956914437327933     0.014002921010252668     0.08                     -5.646708074236716E-10   0.0015956914437327933    0.014002921010252667
-0.017698575394167363     0.03403966043445308      0.07999999999999999      -7.708665617102431E-11   -0.017698575394167363    0.03403966043445308
6.474091826152613E-4      0.016344242764571637     0.08                     -4.0301616639680887E-10  6.474091826152613E-4     0.016344242764571637
-0.012038320761672269     0.029863765969511874     0.08000000000000002      -1.0762626480109741E-10  -0.01203832076167227     0.029863765969511874
-0.006527952456106982     0.024014380917079914     0.08                     -1.7334506209546745E-10  -0.006527952456106982    0.024014380917079914
0.0034998409175425356     -0.006676242608389948    0.08                     -7.433223242616521E-10   0.0034998409175425356    -0.006676242608389948
0.0031141764477448236     -0.005055491851869952    0.08                     -6.578485208638763E-10   0.0031141764477448236    -0.005055491851869952
0.0023532978249817954     -0.0032557675258777924   0.08                     -5.837011324668064E-10   0.0023532978249817954    -0.0032557675258777924
0.003107674309523221      -0.010436284547637224    0.08000000000000002      -8.60647725957003E-10    0.003107674309523221     -0.010436284547637224
0.003895131776773194      -0.007946696591099582    0.08                     -7.556480509153693E-10   0.003895131776773194     -0.007946696591099582
-0.020241629340963636     -0.0409272777863991      0.08                     -5.51844163670278E-11    -0.020241629340963633    -0.0409272777863991
-0.01381658015982714      -0.03517160989977934     0.08                     -8.027666685790606E-11   -0.013816580159827141    -0.03517160989977935
-0.01768890576720674      -0.05139721436421603     0.08                     -3.85624957590958E-11    -0.017688905767206744    -0.05139721436421602
-0.012830879285067242     -0.059833537141057595    0.07999999999999999      -2.8967814452002266E-11  -0.012830879285067242    -0.059833537141057595
-0.007249111351292779     -0.06239810862368137     0.08                     -2.7003526122561423E-11  -0.007249111351292778    -0.06239810862368137
-0.009138880158588065     -0.016744351926696932    0.07999999999999999      -2.514553777382967E-10   -0.009138880158588063    -0.016744351926696932
-0.00565068321952621      -0.015503309077323078    0.07999999999999999      -3.495357254494331E-10   -0.00565068321952621     -0.01550330907732308
-0.0031843379637979275    -0.015768420222700925    0.08                     -3.970866491252734E-10   -0.003184337963797927    -0.015768420222700922
-0.0013341161084645184    -0.014793291061600197    0.08000000000000002      -4.985496604139022E-10   -0.0013341161084645184   -0.014793291061600197
6.772033568723142E-4      -0.014489892489147449    0.08                     -5.325991389655438E-10   6.772033568723142E-4     -0.014489892489147449
-0.00900140222933333      -0.0229686983032151      0.07999999999999999      -1.7098342803066808E-10  -0.00900140222933333     -0.0229686983032151
-0.008334734584810367     -0.029984916988511835    0.08                     -1.1596905491283045E-10  -0.008334734584810365    -0.029984916988511832
0.0032628317916427174     -0.012227890572940055    0.08                     -6.503934050328913E-10   0.0032628317916427174    -0.012227890572940055
0.0030717108266830745     -0.014177815681903981    0.08000000000000002      -4.950988282169465E-10   0.0030717108266830745    -0.014177815681903983
0.004344768805659482      -0.00954968370064331     0.07999999999999999      -6.919652525894428E-10   0.004344768805659482     -0.00954968370064331
0.0018486990876704704     7.547487481767562E-4     0.08                     -5.219711490806334E-10   0.0018486990876704704    7.547487481767562E-4
0.003335029751443539      0.005405683299072976     0.08                     -6.668446904230802E-10   0.003335029751443539     0.005405683299072976
0.0029009713319961133     0.0035249749482886353    0.08000000000000002      -5.790995852274933E-10   0.0029009713319961133    0.0035249749482886353
0.003558425349855853      0.007423023748239083     0.08                     -7.909194776096306E-10   0.003558425349855853     0.007423023748239083
0.0043224567753825        0.008873913630001395     0.07999999999999999      -7.068790067655634E-10   0.0043224567753825       0.008873913630001395
0.0031718978707859433     -0.0010251750471789792   0.08                     -5.013797384486953E-10   0.0031718978707859433    -0.0010251750471789792
0.00518837925442955       -0.005068349594775222    0.08000000000000002      -5.251760745540702E-10   0.00518837925442955      -0.005068349594775222
-0.026603474439019528     0.047120965290104615     0.08                     -3.829632592266384E-11   -0.026603474439019528    0.047120965290104615
-0.024898282061387625     0.05565580400026413      0.08                     -2.8804951315968207E-11  -0.024898282061387625    0.05565580400026413
-0.01890277805563739      0.05986132730059392      0.07999999999999999      -2.680124642968617E-11   -0.01890277805563739     0.05986132730059392
-0.0017367699567212222    0.02189799665943986      0.08000000000000002      -2.2292237975585208E-10  -0.0017367699567212222   0.02189799665943986
-3.45053050182436E-4      0.018886936632356        0.08                     -2.993932885511779E-10   -3.45053050182436E-4     0.018886936632355997
0.003134171204290697      0.0115067515611018       0.08                     -7.387059954175922E-10   0.003134171204290697     0.0115067515611018
0.003982195177239092      0.010142841089884926     0.08                     -7.250224908214814E-10   0.003982195177239092     0.010142841089884926
-0.0174955560358922       0.04196633991583247      0.08                     -5.612113498839373E-11   -0.0174955560358922      0.04196633991583248
0.0026704886167419027     0.015534913732705283     0.08                     -4.226869582709292E-10   0.0026704886167419027    0.015534913732705283
0.0037708923080293673     0.013547450879926391     0.08                     -5.078984292730119E-10   0.0037708923080293673    0.013547450879926395
-0.010215797109050996     0.03660967610524954      0.08000000000000002      -8.052399429984574E-11   -0.010215797109050996    0.03660967610524954
0.0029882610393864133     0.01809496124744222      0.08                     -3.1068417986733353E-10  0.0029882610393864133    0.018094961247442223
-0.004893226084528503     0.030535505836074832     0.08                     -1.1897482101782547E-10  -0.004893226084528503    0.030535505836074835
-0.0011931374375329894    0.02580437515102442      0.08                     -1.658148028660447E-10   -0.0011931374375329894   0.025804375151024416
0.005530720170852193      -0.006729574945599476    0.08                     -5.448440109636982E-10   0.005530720170852193     -0.006729574945599476
0.004614480310531167      -0.003106970640262434    0.08000000000000002      -4.999416162662828E-10   0.004614480310531167     -0.003106970640262434
0.004831494871400055      -0.011476047767708969    0.08                     -5.552264437668517E-10   0.004831494871400055     -0.011476047767708969
0.006142647282155054      -0.0085068545536953      0.08                     -5.148784284975252E-10   0.006142647282155054     -0.0085068545536953
-0.011302198565806904     -0.04410073060616997     0.07999999999999999      -5.662233743308067E-11   -0.011302198565806902    -0.04410073060616997
-0.006085354366856409     -0.037703686458611586    0.08                     -8.032633246865803E-11   -0.006085354366856408    -0.037703686458611586
-2.3947767969652312E-4    -0.06117624831083698     0.08                     -2.920312256840481E-11   -2.3947767969652312E-4   -0.06117624831083698
-0.00670146515575711      -0.05398440788940631     0.08000000000000002      -3.9020080453308513E-11  -0.0067014651557571105   -0.0539844078894063
0.00591619039274322       -0.06257207787873287     0.08                     -2.6974065131315215E-11  0.00591619039274322      -0.06257207787873287
0.00242692643502866       -0.01579549638270853     0.08                     -4.124672666874951E-10   0.00242692643502866      -0.01579549638270853
-0.004703559610297508     -0.019521673353743378    0.08                     -2.552920362690922E-10   -0.004703559610297509    -0.01952167335374338
-4.113152666985701E-4     -0.017315292608365576    0.08                     -3.5570700134886443E-10  -4.113152666985701E-4    -0.017315292608365576
-0.003788760774557698     -0.025914423647831433    0.08                     -1.60355000019636E-10    -0.003788760774557698    -0.02591442364783143
-0.0018302512197030784    -0.03211555571094224     0.07999999999999999      -1.1104400416289568E-10  -0.0018302512197030784   -0.03211555571094224
0.0050091101597288575     -0.013598887767294933    0.08                     -4.422444953844929E-10   0.005009110159728858     -0.013598887767294931
0.004669287280265909      -0.016015867754696246    0.08                     -3.5504172706659964E-10  0.004669287280265909     -0.016015867754696243
0.006676986310806276      -0.01032000737022213     0.08000000000000002      -4.592410342317597E-10   0.006676986310806277     -0.01032000737022213
0.007208391219558035      -0.012521819112284477    0.08                     -3.845421751779856E-10   0.007208391219558034     -0.012521819112284477
0.007399238249545033      -0.005483465477476343    0.08                     -4.242918095921627E-10   0.007399238249545033     -0.005483465477476343
0.004558323332819095      0.0014712390825627544    0.08                     -4.740392856762939E-10   0.004558323332819095     0.0014712390825627544
0.004924948161221517      0.006128786762607023     0.08                     -5.754222993814281E-10   0.004924948161221517     0.006128786762607023
0.0051153566236667        0.003994447152837345     0.08                     -5.014475536418698E-10   0.0051153566236667       0.003994447152837345
0.0057603334655807435     0.007689291499656976     0.08                     -5.436121654355076E-10   0.0057603334655807435    0.007689291499656976
0.005856936395276055      0.009652854878664255     0.08                     -5.274331407505829E-10   0.005856936395276055     0.009652854878664255
0.006445913004939158      -5.985875640967392E-4    0.08                     -4.1771076331528584E-10  0.006445913004939158     -5.985875640967392E-4
0.0073607904661594815     -0.003367181376509376    0.08000000000000002      -4.073366300056175E-10   0.007360790466159481     -0.003367181376509376
-0.016125486352541393     0.05141332583175795      0.08000000000000002      -3.954171702902014E-11   -0.016125486352541393    0.05141332583175795
-0.012664501249840747     0.05962910321078735      0.07999999999999999      -2.9378209603648345E-11  -0.012664501249840749    0.05962910321078735
-0.005984862888781271     0.0625862632279385       0.08                     -2.7031816323220234E-11  -0.005984862888781271    0.0625862632279385
0.00440962698875343       0.015958490268514383     0.08                     -3.6368021036829295E-10  0.00440962698875343      0.015958490268514383
0.0016400620218209976     0.02234518917017906      0.08                     -2.1523716668763274E-10  0.0016400620218209976    0.022345189170179056
0.005489486875179746      0.011974639594277789     0.08                     -4.869749212785467E-10   0.0054894868751797455    0.011974639594277789
-0.008142299283308556     0.044570309886658555     0.08                     -5.7579171538183516E-11  -0.008142299283308556    0.044570309886658555
0.006007759681356636      0.01770901774864593      0.08                     -2.831298819383571E-10   0.006007759681356636     0.01770901774864593
0.006257022310833572      0.014988857437908287     0.08000000000000002      -3.4948967388954963E-10  0.006257022310833571     0.014988857437908287
-0.0022335226691168053    0.03781038177805453      0.08                     -8.206508135994084E-11   -0.0022335226691168053   0.03781038177805452
0.005289943460338495      0.021581110619498113     0.08                     -2.128677716502439E-10   0.005289943460338495     0.02158111061949811
0.0040005319703129705     0.025999216100630607     0.08                     -1.5908541220283868E-10  0.0040005319703129705    0.025999216100630607
0.0017064417304139962     0.03106615767501667      0.08                     -1.1835150355529266E-10  0.0017064417304139962    0.031066157675016668
0.007238906704196284      -0.0072514838916468705   0.08                     -4.425515902641862E-10   0.007238906704196285     -0.0072514838916468705
0.008333996316031635      -0.00874682302721573     0.08                     -3.9011847664708997E-10  0.008333996316031635     -0.00874682302721573
0.008765487017477345      -0.006743966684525572    0.08                     -3.75267476217314E-10    0.008765487017477345     -0.006743966684525572
-0.0018012650420410545    -0.04551531178586867     0.08                     -5.7073742872245876E-11  -0.0018012650420410545   -0.04551531178586867
0.001982587932543802      -0.03828063603309434     0.08                     -8.008674685760503E-11   0.001982587932543802     -0.03828063603309434
0.004712720200492345      -0.054080597066839944    0.08                     -3.924552772717013E-11   0.004712720200492344     -0.05408059706683994
0.012388180323026552      -0.05988327013091574     0.08000000000000002      -2.9034056617526802E-11  0.01238818032302655      -0.059883270130915746
0.018744064597719243      -0.059961175755707835    0.08000000000000002      -2.668364289894993E-11   0.018744064597719243     -0.05996117575570783
0.0033313354464038093     -0.019000489495525817    0.08                     -2.795405332537991E-10   0.003331335446403809     -0.01900048949552582
6.559181530645473E-4      -0.022481320613665534    0.08000000000000002      -2.1358140796555536E-10  6.559181530645473E-4     -0.022481320613665534
0.0013143315935495326     -0.027059936655280274    0.08000000000000002      -1.5173438351779635E-10  0.0013143315935495326    -0.027059936655280274
0.005021237837580272      -0.031156356585012535    0.07999999999999999      -1.1440236918124603E-10  0.005021237837580273     -0.031156356585012535
0.007422891532026918      -0.015347874351844974    0.08                     -3.104811371849198E-10   0.007422891532026917     -0.015347874351844976
0.00752280852726199       -0.01833167522057734     0.08000000000000002      -2.4853908887988137E-10  0.00752280852726199      -0.01833167522057734
0.009458465418450097      -0.01068602630925894     0.08                     -3.316612468969316E-10   0.009458465418450095     -0.01068602630925894
0.009361682443740214      -0.01353832065101438     0.07999999999999999      -2.976967302131524E-10   0.009361682443740214     -0.013538320651014379
0.00988080348742544       -0.004847643727305381    0.08                     -3.3811424507473243E-10  0.00988080348742544      -0.004847643727305381
0.007587696559094744      0.002117416343805245     0.08                     -3.924442727241115E-10   0.007587696559094745     0.002117416343805245
0.007456927340277902      0.005555181284665402     0.07999999999999999      -4.245256742407741E-10   0.007456927340277903     0.005555181284665402
0.008071293525510045      0.007852742712232894     0.07999999999999999      -4.0515643636190487E-10  0.008071293525510045     0.007852742712232894
0.008334345653174199      0.01062394022313326      0.08                     -3.7468305155006893E-10  0.0083343456531742       0.01062394022313326
0.01018773487097139       0.003446334491440252     0.08                     -3.277998142995838E-10   0.01018773487097139      0.003446334491440252
0.010931160997000696      -7.04029528867875E-4     0.08                     -3.0827851431361385E-10  0.010931160997000698     -7.04029528867875E-4
-0.005122894317597618     0.05380316627802846      0.08000000000000002      -3.974331324288981E-11   -0.005122894317597618    0.053803166278028454
5.710311721216915E-4      0.06108861129869271      0.08                     -2.9393201485613156E-11  5.710311721216915E-4     0.061088611298692704
0.007205995217564452      0.06242757880123991      0.07999999999999999      -2.7059312513402305E-11  0.007205995217564452     0.06242757880123991
0.009093199776403695      0.013627847227093183     0.08                     -3.040083972212223E-10   0.009093199776403695     0.013627847227093181
0.0012723521623823203     0.04540215533926795      0.08                     -5.755587475838525E-11   0.0012723521623823203    0.04540215533926795
0.00817851477851107       0.019961772145471637     0.08                     -2.1449588682414E-10     0.00817851477851107      0.019961772145471637
0.009471348527241533      0.01661854334014158      0.08                     -2.495895648468665E-10   0.009471348527241533     0.01661854334014158
0.005464491050554052      0.03733552714371495      0.08                     -8.232068703861867E-11   0.005464491050554052     0.03733552714371496
0.009050924380195963      0.024108333025560424     0.08                     -1.598404188490981E-10   0.009050924380195962     0.024108333025560424
0.008124061033796214      0.030037703562852708     0.08                     -1.1643338830624736E-10  0.008124061033796216     0.030037703562852708
0.011297161307124822      -0.007754186680628328    0.08                     -2.9767027463790495E-10  0.011297161307124824     -0.007754186680628328
0.0128238504317311        -0.004388091440778223    0.08                     -2.7011414201871686E-10  0.012823850431731098     -0.004388091440778223
0.007788058523680046      -0.044912072511676275    0.08                     -5.6782255735897244E-11  0.007788058523680045     -0.044912072511676275
0.009505390409328593      -0.03669692060290744     0.08                     -8.077318194243515E-11   0.009505390409328593     -0.03669692060290744
0.015827622325610448      -0.05191312530850066     0.08                     -3.8853399406319464E-11  0.015827622325610444     -0.05191312530850067
0.02435093732483892       -0.0560416252879146      0.08                     -2.8586444890928618E-11  0.02435093732483892      -0.0560416252879146
0.030944188655246965      -0.05484015176329923     0.07999999999999999      -2.583204215899829E-11   0.030944188655246962     -0.05484015176329924
0.006728220107551695      -0.024392457506310035    0.08                     -1.6720531784843576E-10  0.006728220107551696     -0.02439245750631003
0.01057433805806934       -0.03049545886475822     0.08                     -1.0772001054945714E-10  0.01057433805806934      -0.03049545886475822
0.010988566263589006      -0.016301044388804156    0.08000000000000002      -2.2980171683486474E-10  0.010988566263589005     -0.016301044388804156
0.011109767917017595      -0.02013900105928526     0.08                     -1.8547336177450219E-10  0.011109767917017595     -0.02013900105928526
0.013493641610971083      -0.012313758378167151    0.07999999999999999      -2.2775385931824846E-10  0.013493641610971082     -0.012313758378167153
0.011392534911380727      0.005929494525618695     0.07999999999999999      -2.9927950172549573E-10  0.011392534911380729     0.005929494525618695
0.011007860946391241      0.01145732019943807      0.08                     -2.8263054564680905E-10  0.011007860946391241     0.01145732019943807
0.010531291789316943      0.008844485696489893     0.08                     -3.139150968200071E-10   0.010531291789316943     0.008844485696489893
0.014410782984035156      0.0035636555933233685    0.08                     -2.4294467752401465E-10  0.014410782984035156     0.0035636555933233685
0.01586309208114013       -0.0018130091329898942   0.08                     -2.2163221122338744E-10  0.01586309208114013      -0.0018130091329898942
0.006139451091064112      0.05341534440748367      0.08000000000000002      -4.015765897812169E-11   0.006139451091064112     0.053415344407483675
0.013143962384851549      0.059470142954684516     0.07999999999999999      -2.9430923260785586E-11  0.013143962384851549     0.05947014295468451
0.01965675591147662       0.05980393036529903      0.08                     -2.6558705094457036E-11  0.01965675591147662      0.05980393036529903
0.01314197039010814       0.014301084414314977     0.08                     -2.1856239796917963E-10  0.013141970390108141     0.014301084414314977
0.010505677373544117      0.043622265808673566     0.08                     -5.848048958325114E-11   0.010505677373544117     0.043622265808673566
0.013044000984877659      0.02022479739308508      0.08000000000000002      -1.6873389320768948E-10  0.013044000984877655     0.02022479739308508
0.013310420570516207      0.03474451147493009      0.08                     -8.288376987534566E-11   0.013310420570516207     0.03474451147493008
0.01407929725202529       0.02673872725727834      0.08                     -1.1794443404643254E-10  0.014079297252025292     0.026738727257278338
0.016204978530303237      -0.007016698947776491    0.08000000000000002      -2.1007413177383733E-10  0.016204978530303237     -0.007016698947776491
0.01685682816435201       -0.042575072938784764    0.08                     -5.535184702958289E-11   0.01685682816435201      -0.042575072938784764
0.017070200590888485      -0.03375147904497712     0.07999999999999999      -7.915875361346299E-11   0.017070200590888485     -0.03375147904497711
0.02618426180847819       -0.047490016981253186    0.08                     -3.806565390874574E-11   0.02618426180847819      -0.04749001698125318
0.035329714146705875      -0.04970658371288536     0.08000000000000002      -2.796523245659255E-11   0.035329714146705875     -0.04970658371288536
0.04129815405649839       -0.04711507421305067     0.08                     -2.5444219822193797E-11  0.04129815405649839      -0.04711507421305067
0.01487240074036046       -0.025695057328969616    0.08                     -1.203698076720802E-10   0.01487240074036046      -0.02569505732896962
0.016203595293406065      -0.01818922156065325     0.08                     -1.5712532263508524E-10  0.016203595293406065     -0.01818922156065325
0.02109886513325182       -0.011950771904796584    0.07999999999999999      -1.4429404262916148E-10  0.02109886513325182      -0.011950771904796584
0.021383326760287404      -0.003899909720108105    0.08                     -1.5705900022405693E-10  0.0213833267602874       -0.003899909720108105
0.01505962437141992       0.009352595477685535     0.08                     -2.200844933643117E-10   0.015059624371419918     0.009352595477685535
0.019798606710127804      0.0039007207714908537    0.08                     -1.7243186550728963E-10  0.019798606710127804     0.0039007207714908537
0.016950848022600017      0.051305773527240306     0.08                     -3.9239982728217455E-11  0.01695084802260002      0.051305773527240306
0.02508028939830935       0.05582037268686642      0.08                     -2.8502661148271453E-11  0.025080289398309353     0.05582037268686641
0.031963639656623355      0.05405255807867165      0.08                     -2.606184407458779E-11   0.031963639656623355     0.05405255807867165
0.018055887569877603      0.01524222064452644      0.08                     -1.5751397693498355E-10  0.018055887569877607     0.015242220644526438
0.020010835596617205      0.04072941415959551      0.08                     -5.592775124165305E-11   0.020010835596617205     0.040729414159595516
0.0193773697591586        0.02310916013047412      0.08                     -1.1290392198474889E-10  0.0193773697591586       0.02310916013047412
0.020487896205425554      0.031043787957564087     0.08                     -8.031542688592705E-11   0.020487896205425554     0.031043787957564083
0.025245658770067674      -0.038350660456907215    0.08                     -5.367898008196782E-11   0.025245658770067677     -0.038350660456907215
0.02398809215497466       -0.0297499145834449      0.07999999999999999      -7.511677864727502E-11   0.02398809215497466      -0.029749914583444895
0.035074375996295995      -0.04146104058884283     0.08                     -3.697472696271667E-11   0.03507437599629599      -0.04146104058884283
0.04385974416156292       -0.04116650318709529     0.08000000000000002      -2.8179861750007583E-11  0.043859744161562915     -0.0411665031870953
0.023265523362466088      -0.02119059727698786     0.08                     -1.0185834690139178E-10  0.02326552336246609      -0.021190597276987858
0.027872954215956754      -0.014518674961584134    0.08                     -9.726588319545562E-11   0.02787295421595675      -0.014518674961584132
0.026922114502255703      -0.0076743706178719825   0.07999999999999999      -1.1266293872404178E-10  0.026922114502255703     -0.0076743706178719825
0.027213113024090484      0.0013024707915210085    0.08                     -1.1535449988420095E-10  0.027213113024090487     0.0013024707915210085
0.02347499850375739       0.009409098672152796     0.08                     -1.3246373383847954E-10  0.02347499850375739      0.009409098672152796
0.027508685611811114      0.046357226359706974     0.08                     -3.8534379675725797E-11  0.02750868561181111      0.04635722635970697
0.03585843060329207       0.04924639872059975      0.08                     -2.807059684117856E-11   0.03585843060329207      0.04924639872059975
0.0422142379502293        0.045876362412366194     0.08000000000000002      -2.579914175714102E-11   0.0422142379502293       0.045876362412366194
0.024305904922329608      0.018183606184967505     0.08                     -1.0622038074364452E-10  0.024305904922329608     0.018183606184967505
0.02803501728067268       0.03562418325749683      0.08                     -5.4532268866148886E-11  0.02803501728067268      0.03562418325749683
0.027078841035614767      0.026119640529065916     0.08                     -7.564257132157764E-11   0.027078841035614764     0.026119640529065912
0.03221564094401754       -0.0326532444295503      0.08                     -5.2293462693062475E-11  0.03221564094401754      -0.0326532444295503
0.030175845180010423      -0.02603721360350341     0.08                     -6.747826089432715E-11   0.030175845180010423     -0.02603721360350341
0.040513753167206824      -0.034992844256789335    0.08                     -3.736516950834505E-11   0.040513753167206824     -0.034992844256789335
0.048207943683161475      -0.03580970797880556     0.08                     -2.7820795647412084E-11  0.048207943683161475     -0.03580970797880556
0.03213655266273528       -0.0197558829560621      0.08                     -7.259364777929465E-11   0.03213655266273529      -0.019755882956062096
0.033007078767712555      -0.01226777878732093     0.07999999999999999      -7.944422322109864E-11   0.033007078767712555     -0.01226777878732093
0.032790030670258874      -0.0046844720449596075   0.08                     -8.623542047509962E-11   0.032790030670258874     -0.0046844720449596075
0.03394749682418037       0.002143589905940241     0.08000000000000002      -8.245713355504368E-11   0.03394749682418037      0.002143589905940241
0.03143380547832286       0.007912051563371561     0.08                     -9.003164839015585E-11   0.03143380547832286      0.007912051563371561
0.02989599771627149       0.014216048054911959     0.08                     -8.911116400812606E-11   0.029895997716271487     0.014216048054911959
0.0367598461104598        0.03958006597148115      0.08                     -3.7274699511366004E-11  0.0367598461104598       0.03958006597148115
0.045236696226443746      0.04061282274320949      0.08                     -2.7342527762526057E-11  0.045236696226443746     0.04061282274320949
0.03212237446490605       0.0205701732580931       0.07999999999999999      -7.149873108634385E-11   0.03212237446490606      0.0205701732580931
0.03487453515378486       0.028915389941100156     0.08                     -5.291792480573459E-11   0.03487453515378486      0.028915389941100156
0.03872041393995051       -0.025854860013370833    0.08                     -4.932717305363276E-11   0.03872041393995051      -0.025854860013370836
0.05230331488001762       -0.029845078987535953    0.08                     -2.7155245296149385E-11  0.05230331488001761      -0.029845078987535956
0.045961940178547024      -0.03035686290078419     0.07999999999999999      -3.437106209347707E-11   0.045961940178547024     -0.03035686290078419
0.03929729644649297       -0.01793667028369189     0.08000000000000002      -5.586455307960497E-11   0.03929729644649297      -0.01793667028369189
0.05669791829177511       -0.02557565071687646     0.08000000000000002      -2.4401919244981905E-11  0.056697918291775104     -0.02557565071687646
0.050804343026892546      0.03607108844147449      0.08                     -2.498306691321707E-11   0.05080434302689254      0.03607108844147449
0.03896789927352192       -0.009777561483730227    0.08                     -6.271095457051397E-11   0.03896789927352192      -0.009777561483730227
0.03956772161108857       -9.351662458163892E-4    0.08                     -6.385802543335295E-11   0.03956772161108857      -9.351662458163892E-4
0.03825390552663584       0.006065120594417835     0.08                     -6.660668208582272E-11   0.03825390552663583      0.006065120594417835
0.035996821562204906      0.013921565332901897     0.08                     -6.815259492965817E-11   0.035996821562204906     0.013921565332901897
0.04410586291106863       0.030885088577531652     0.08                     -3.643707047642231E-11   0.044105862911068626     0.030885088577531646
0.040224573135065375      0.021031523280849465     0.08                     -5.119605324887942E-11   0.04022457313506538      0.021031523280849465
0.04873039717285473       -0.02175402874340405     0.08000000000000002      -3.627236691017841E-11   0.048730397172854725     -0.021754028743404045
0.04464318273808409       -0.012835840768154243    0.08000000000000002      -4.7911119062376073E-11  0.04464318273808409      -0.012835840768154244
0.057616591021115104      -0.01893943967005427     0.07999999999999999      -2.601904562076192E-11   0.057616591021115104     -0.018939439670054268
0.05267732223842539       0.030258553267785107     0.08                     -2.6542579103999233E-11  0.05267732223842538      0.030258553267785104
0.04595594688967897       -0.005418915033522147    0.08                     -4.784623089188253E-11   0.04595594688967897      -0.005418915033522147
0.045642693779122556      0.0032471593698863432    0.08                     -4.885994016891492E-11   0.045642693779122556     0.0032471593698863432
0.043869825125911095      0.012443397847508836     0.08000000000000002      -4.9721299049525356E-11  0.043869825125911095     0.012443397847508836
0.049867263126755094      0.021484194177298722     0.08                     -3.4853211758014264E-11  0.049867263126755094     0.02148419417729872
0.053196869787793706      -0.011606711343403325    0.08                     -3.40425299456586E-11    0.053196869787793706     -0.011606711343403325
0.06101614869654966       -0.01363243741922019     0.08000000000000002      -2.3538220756955942E-11  0.06101614869654966      -0.013632437419220189
0.057481443709726646      0.02511006423406527      0.08                     -2.3770887020438632E-11  0.057481443709726646     0.025110064234065265
0.05435698529174661       -7.98174120467128E-4     0.07999999999999999      -3.396019482925139E-11   0.0543569852917466       -7.98174120467128E-4
0.05300366572839771       0.010497266782475104     0.08000000000000002      -3.463811229420347E-11   0.05300366572839771      0.010497266782475104
0.05805034930866082       0.01880744885443905      0.08000000000000002      -2.556694196741442E-11   0.05805034930866082      0.01880744885443905
0.060677421913099744      -0.007138703885734156    0.08                     -2.513550153329794E-11   0.06067742191309975      -0.007138703885734156
0.06258648120724086       -9.480907979387485E-4    0.08000000000000002      -2.3279929188778937E-11  0.06258648120724086      -9.480907979387485E-4
0.060769584110387576      0.0060963500283752955    0.08                     -2.515557714400769E-11   0.060769584110387576     0.0060963500283752955
0.06152180894738024       0.012359546752095177     0.08                     -2.325194713125143E-11   0.06152180894738024      0.012359546752095177
