% Model:              pcal_mirror_deformation_3d_2beams.mph
% Version:            COMSOL 5.6.0.401
% Date:               Nov 19 2025, 20:09
% Dimension:          3
% Nodes:              597
% Expressions:        3
% Description:        Displacement field, Z component, x-coordinate, y-coordinate
% Length unit:        m
% X                       Y                        Z                        w (m)                    x (m)                    y (m)
-0.0713292096594843       -0.023176311611205702    0.07999999999999997      -2.7829035776951328E-12  -0.0713292096594843      -0.023176311611205702
-0.06851583108803186      -0.030505261385574422    0.07999999999999999      -3.0623144059241777E-12  -0.06851583108803186     -0.030505261385574422
-0.06374888371709671      -0.024190593260804485    0.08000000000000002      -5.479312805650488E-12   -0.06374888371709671     -0.024190593260804485
-0.06599141981167997      -0.01792388787940049     0.08                     -5.154656642613014E-12   -0.06599141981167998     -0.017923887879400493
-0.07335999609166174      -0.015593239986274841    0.07999999999999997      -2.5749094021680093E-12  -0.07335999609166174     -0.015593239986274841
-0.060946751525661445     -0.031266906721000125    0.08                     -5.734327411025252E-12   -0.060946751525661445    -0.031266906721000125
-0.06495177554317576      -0.037499966716002406    0.08                     -3.4095614829869186E-12  -0.06495177554317576     -0.037499966716002406
-0.06067625057185087      -0.04408391809753979     0.07999999999999997      -3.807638383191964E-12   -0.060676250571850866    -0.04408391809753979
-0.057490374169474404     -0.036599691300809055    0.08                     -6.2350783981232605E-12  -0.0574903741694744      -0.036599691300809055
-0.06736456071719944      -0.010675747466251974    0.08000000000000002      -5.027826422257822E-12   -0.06736456071719944     -0.010675747466251974
-0.07458787050279471      -0.007839467289912918    0.07999999999999997      -2.4469425305793436E-12  -0.07458787050279471     -0.007839467289912918
-0.06825815536383066      -0.0033407117613332496   0.08                     -4.882529640873929E-12   -0.06825815536383066     -0.0033407117613332496
-0.075                    0                        0.08                     -2.4075050825175863E-12  -0.075                   0
-0.0531941021823085       -0.04289503381731902     0.07999999999999999      -6.669533929732368E-12   -0.0531941021823085      -0.04289503381731902
-0.05573575828807775      -0.050184747272377414    0.08                     -4.25697627554902E-12    -0.05573575828807775     -0.05018474727237741
-0.05018470437959347      -0.0557357969065981      0.08000000000000002      -4.7227110816189744E-12  -0.05018470437959347     -0.0557357969065981
-0.04860223126708114      -0.04768533414513679     0.08                     -7.241932168022479E-12   -0.04860223126708114     -0.04768533414513679
-0.002308119665425115     -0.018960502321601163    0.07999999999999999      -3.699324661869668E-10   -0.002308119665425115    -0.018960502321601163
-0.002843778013960638     -0.019902983829094556    0.07999999999999999      -2.6924348909162957E-10  -0.002843778013960638    -0.019902983829094556
-0.0017667487489203316    -0.019768784569559765    0.07999999999999999      -3.702209503628162E-10   -0.0017667487489203316   -0.019768784569559765
-0.0025                   -0.018000000000000002    0.08                     -3.6804393446459396E-10  -0.0025                  -0.018000000000000002
-0.0033952105577596103    -0.01875209083645981     0.08                     -2.661944203452258E-10   -0.0033952105577596107   -0.018752090836459814
-0.0023083967919786913    -0.017040163925289058    0.07999999999999999      -3.726440460418606E-10   -0.0023083967919786913   -0.017040163925289058
-0.0031030225042200273    -0.01700063271695832     0.08000000000000002      -2.849463049119182E-10   -0.0031030225042200273   -0.01700063271695832
-0.07458908596708065      0.007839626105999796     0.08                     -2.4476559618620307E-12  -0.07458908596708065     0.007839626105999796
-0.06781488128576721      0.003757709414373145     0.08                     -5.039993850565215E-12   -0.0678148812857672      0.003757709414373145
-0.06738012119776929      0.010921098542419773     0.08                     -5.015072920214667E-12   -0.06738012119776927     0.010921098542419773
-0.07336097335751122      0.015593346475658632     0.08000000000000002      -2.5755855325327806E-12  -0.07336097335751122     0.015593346475658632
-0.0018890327631438768    -0.020800162210487888    0.07999999999999999      -2.7252327632151415E-10  -0.0018890327631438768   -0.020800162210487888
-9.57844150020737E-4      -0.0203092239929471      0.08000000000000002      -3.6950860498771755E-10  -9.57844150020737E-4     -0.0203092239929471
-0.04321439085097486      -0.052968307656026954    0.07999999999999999      -7.694910707280788E-12   -0.04321439085097486     -0.052968307656026954
-0.04408387140455927      -0.06067628449743351     0.08000000000000002      -5.198954319007055E-12   -0.04408387140455927     -0.06067628449743351
-0.03749991673258768      -0.0649518044021882      0.07999999999999999      -5.650975592035509E-12   -0.03749991673258768     -0.0649518044021882
-0.0373817393006716       -0.05668343922361221     0.07999999999999999      -8.405344844706192E-12   -0.0373817393006716      -0.05668343922361221
-0.0023083957806711917    0.017040161492994026     0.07999999999999999      -3.689855813684677E-10   -0.0023083957806711917   0.017040161492994026
-0.0025                   0.018000000000000002     0.08                     -3.694392426527587E-10   -0.0025                  0.018000000000000002
-0.003301786786872332     0.017340902875903376     0.08                     -2.7479743390357936E-10  -0.003301786786872332    0.017340902875903372
-0.0017677681254659706    -0.01623223421953401     0.07999999999999999      -3.733186567694005E-10   -0.0017677681254659706   -0.01623223421953401
-0.002777075805608365     -0.01604819141036476     0.08                     -2.7396887062097107E-10  -0.002777075805608365    -0.01604819141036476
-0.07132922749615196      0.023176256720120806     0.08                     -2.7820110762341737E-12  -0.07132922749615196     0.023176256720120806
-0.0654339009446252       0.018000897744708998     0.08                     -5.353905842812812E-12   -0.0654339009446252      0.018000897744709
-0.0685158545617348       0.030505208658311148     0.08                     -3.0595275435451165E-12  -0.0685158545617348      0.030505208658311148
-0.06349412584264512      0.024714999971990073     0.08000000000000002      -5.52498007892049E-12    -0.06349412584264512     0.024714999971990073
-0.0023083967917128067    0.018959836075350418     0.08000000000000002      -3.681518957829111E-10   -0.0023083967917128067   0.018959836075350418
-0.0033042663756870268    0.0186595902932207       0.08                     -2.7373138048205464E-10  -0.0033042663756870268   0.0186595902932207
-6.701068524904829E-4     -0.021297550856506135    0.08000000000000002      -2.73047144023419E-10    -6.701068524904829E-4    -0.02129755085650614
0                         -0.020499999999999997    0.08                     -3.6877120383077266E-10  0                        -0.020499999999999997
-0.030505208658311148     -0.0685158545617348      0.08                     -6.064653813206935E-12   -0.030505208658311148    -0.0685158545617348
-0.03141215305432203      -0.0606935578687105      0.07999999999999999      -8.727773175337889E-12   -0.03141215305432204     -0.0606935578687105
-0.023176256720120806     -0.07132922749615196     0.08                     -6.4203339154947345E-12  -0.023176256720120806    -0.07132922749615196
-0.02508274958281639      -0.063431618451159       0.08000000000000002      -9.216957811751026E-12   -0.02508274958281639     -0.06343161845115898
-0.0028079329109527915    0.01612487689614829      0.08                     -2.7545421927880697E-10  -0.0028079329109527915   0.01612487689614829
-0.001767765780511961     0.016232231874580005     0.08000000000000002      -3.70923617626498E-10    -0.001767765780511961    0.016232231874580005
-9.598385067511102E-4     -0.015691604219222843    0.07999999999999999      -3.7353495960232286E-10  -9.598385067511103E-4    -0.015691604219222843
-0.0018251303888764444    -0.015173028240327173    0.08                     -2.763100563940129E-10   -0.0018251303888764444   -0.015173028240327175
-0.0649518044021882       0.03749991673258768      0.07999999999999999      -3.4076388730332282E-12  -0.0649518044021882      0.03749991673258768
-0.05982279662178585      0.031287039020690834     0.08                     -6.137559422610467E-12   -0.05982279662178585     0.031287039020690834
-0.06067628449743351      0.04408387140455927      0.08000000000000002      -3.8079882572436986E-12  -0.06067628449743351     0.04408387140455927
-0.05686076828733889      0.037273531417119976     0.08                     -6.356441318297978E-12   -0.05686076828733889     0.037273531417119976
-0.0017677681254584807    0.01976776578047349      0.08000000000000002      -3.6304988120394663E-10  -0.0017677681254584807   0.01976776578047349
-0.002786334182226031     0.019863262533045815     0.08                     -2.751899534971748E-10   -0.002786334182226031    0.01986326253304582
6.442534490231442E-4      -0.021286271989671708    0.08                     -2.7404744097517803E-10  6.442534490231442E-4     -0.021286271989671705
9.578465737028858E-4      -0.02030922298767006     0.08                     -3.682542182336416E-10   9.578465737028859E-4     -0.02030922298767006
-0.018044563141147378     -0.06595294445891119     0.08                     -9.530394555971691E-12   -0.01804456314114738     -0.06595294445891119
-0.015593346475658632     -0.07336097335751122     0.08000000000000002      -6.6940561693874395E-12  -0.015593346475658632    -0.07336097335751122
-0.007839626105999796     -0.07458908596708065     0.08                     -6.858256785887034E-12   -0.007839626105999796    -0.07458908596708065
-0.011717308032668466     -0.06733130900243808     0.08                     -9.783554394361817E-12   -0.011717308032668466    -0.0673313090024381
0.0018788810570327767     -0.020815434262215132    0.08                     -2.713120925331332E-10   0.0018788810570327767    -0.020815434262215132
0.0017667510918182776     -0.019768782229361386    0.07999999999999999      -3.686863577879728E-10   0.0017667510918182776    -0.019768782229361386
0.0028063964093574794     -0.01987967376708074     0.08                     -2.7248466380373204E-10  0.0028063964093574794    -0.019879673767080743
0.0023081206766549997     -0.018960499891462645    0.08                     -3.6823219990854066E-10  0.0023081206766549997    -0.018960499891462645
-9.598360752184334E-4     0.015691603208232315     0.08                     -3.709715029251488E-10   -9.598360752184334E-4    0.015691603208232315
-0.001866645690652046     0.015191706548363416     0.08000000000000002      -2.758983952142685E-10   -0.001866645690652046    0.015191706548363415
0                         -0.015500000000000002    0.08                     -3.7093329670077115E-10  0                        -0.015500000000000002
-6.30018628586429E-4      -0.014694740997172231    0.08                     -2.7681699126480994E-10  -6.30018628586429E-4     -0.014694740997172231
-0.0557357969065981       0.05018470437959347      0.08000000000000002      -4.25261571170025E-12    -0.0557357969065981      0.05018470437959347
-0.052416282503829625     0.043135058509659256     0.08000000000000002      -6.8937885885665854E-12  -0.052416282503829625    0.043135058509659256
-0.050184747272377414     0.05573575828807775      0.08                     -4.7238778074745456E-12  -0.05018474727237741     0.05573575828807775
-0.047693852366191364     0.048435181518247356     0.08                     -7.377818073116761E-12   -0.047693852366191364    0.048435181518247356
-9.598385071737953E-4     0.020308395780601417     0.08                     -3.6685366937418027E-10  -9.598385071737953E-4    0.020308395780601417
-0.001865802474227237     0.02078827960031139      0.08                     -2.743120366521565E-10   -0.001865802474227237    0.02078827960031139
0                         0.020499999999999997     0.08                     -3.663916121072477E-10   0                        0.020499999999999997
-6.578510047521337E-4     0.02129554436979536      0.08                     -2.734230071343043E-10   -6.578510047521337E-4    0.02129554436979536
0                         -0.075                   0.08                     -6.917652783514623E-12   0                        -0.075
-0.004339160879592704     -0.06841480560756036     0.08                     -9.840786335846234E-12   -0.004339160879592705    -0.06841480560756036
0.007839467289912918      -0.07458787050279471     0.07999999999999997      -6.858212869047811E-12   0.007839467289912918     -0.07458787050279471
0.0027041943661445583     -0.06839824288039442     0.08                     -9.899395980010902E-12   0.0027041943661445587    -0.06839824288039442
0.0025                    -0.018000000000000002    0.08                     -3.7025078671394994E-10  0.0025                   -0.018000000000000002
0.0033575625544606334     -0.018663432904724553    0.08                     -2.699875227279063E-10   0.003357562554460633     -0.018663432904724553
9.598360752184334E-4      -0.015691603208232315    0.08                     -3.724452001537049E-10   9.598360752184334E-4     -0.015691603208232315
6.597691110588749E-4      -0.014697427829835172    0.08                     -2.76579703800233E-10    6.597691110588749E-4     -0.014697427829835172
0.0023083957806711917     -0.017040161492994026    0.07999999999999999      -3.7112162915215526E-10  0.0023083957806711917    -0.017040161492994026
0.003314057290020255      -0.017330242959502105    0.08                     -2.7395866998862066E-10  0.0033140572900202544    -0.01733024295950211
0.002791502152645597      -0.016132041139529187    0.08000000000000002      -2.764186123769338E-10   0.002791502152645597     -0.016132041139529183
0.001767765780511961      -0.016232231874580005    0.08000000000000002      -3.7094314236934956E-10  0.001767765780511961     -0.016232231874580005
0.001864492982685791      -0.01521408708026794     0.08000000000000002      -2.778000626428417E-10   0.001864492982685791     -0.015214087080267941
0                         0.015500000000000002     0.08                     -3.71949876033029E-10    0                        0.015500000000000002
-6.577992018821921E-4     0.014704706094044825     0.08                     -2.7824294761399207E-10  -6.577992018821921E-4    0.014704706094044825
6.608647267204101E-4      0.014689358432936991     0.08                     -2.764424359215234E-10   6.608647267204101E-4     0.014689358432936991
9.598385067511102E-4      0.015691604219222843     0.07999999999999999      -3.726056142714028E-10   9.598385067511103E-4     0.015691604219222843
-0.04408391809753979      0.06067625057185087      0.07999999999999997      -5.2005464320031785E-12  -0.04408391809753979     0.060676250571850866
-0.042052156393509024     0.05286039207571739      0.08                     -8.096028120957144E-12   -0.04205215639350902     0.05286039207571739
-0.037499966716002406     0.06495177554317576      0.08                     -5.65594464535322E-12    -0.037499966716002406    0.06495177554317576
-0.03658522062941927      0.05723927027338155      0.08                     -8.461464852086768E-12   -0.03658522062941927     0.05723927027338155
9.598360752748118E-4      0.020308396791744246     0.08                     -3.66435313242959E-10    9.598360752748118E-4     0.020308396791744246
6.589344835540821E-4      0.021299067962225887     0.08                     -2.729006907618272E-10   6.589344835540821E-4     0.021299067962225887
0.015593239986274841      -0.07335999609166174     0.07999999999999997      -6.693935087153015E-12   0.015593239986274841     -0.07335999609166174
0.010349788061900634      -0.0673045595624162      0.08                     -9.935591804088056E-12   0.010349788061900634     -0.0673045595624162
0.023176311611205702      -0.0713292096594843      0.07999999999999997      -6.419869008414322E-12   0.023176311611205702     -0.0713292096594843
0.016560897316203967      -0.06590726006785885     0.08                     -9.778752269825446E-12   0.016560897316203967     -0.06590726006785885
0.001767765780510969      0.019767768125420995     0.08                     -3.6661928593952946E-10  0.0017677657805109687    0.019767768125420995
0.0018679568357605238     0.02079150631382644      0.08                     -2.7330398560520607E-10  0.0018679568357605238    0.02079150631382644
0.00186782907337487       0.015208691803851565     0.08                     -2.775900758818851E-10   0.00186782907337487      0.015208691803851565
0.0017677681254659706     0.01623223421953401      0.07999999999999999      -3.686086590734288E-10   0.0017677681254659706    0.01623223421953401
0.0023083967919786913     0.017040163925289058     0.07999999999999999      -3.694694821633059E-10   0.0023083967919786913    0.017040163925289058
0.002808942572185575      0.01612552125688127      0.08                     -2.748907210459856E-10   0.002808942572185575     0.01612552125688127
-0.030505261385574422     0.06851583108803186      0.07999999999999999      -6.072680122264763E-12   -0.030505261385574422    0.06851583108803186
-0.030148655440946952     0.06046829002368555      0.08                     -9.135678714702022E-12   -0.030148655440946952    0.06046829002368554
-0.023176311611205702     0.0713292096594843       0.07999999999999997      -6.425375752648835E-12   -0.023176311611205702    0.0713292096594843
-0.023929934289527357     0.06365349446744502      0.08000000000000002      -9.378723599588748E-12   -0.023929934289527357    0.06365349446744502
0.0025                    0.018000000000000002     0.08                     -3.676264138038654E-10   0.0025                   0.018000000000000002
0.003311888811876988      0.017347968030124825     0.08                     -2.741063889415048E-10   0.003311888811876988     0.017347968030124825
0.002308395780677131      0.018959838506991684     0.07999999999999999      -3.698872260917386E-10   0.002308395780677131     0.018959838506991684
0.0033078153891167167     0.018668921506896002     0.08000000000000002      -2.7297865428408896E-10  0.0033078153891167167    0.018668921506896002
0.0027866601503476786     0.01986380591506797      0.08                     -2.7389036457726733E-10  0.0027866601503476786    0.019863805915067975
0.030505261385574422      -0.06851583108803186     0.07999999999999999      -6.064088113484542E-12   0.030505261385574422     -0.06851583108803186
0.023992691844753992      -0.06388275521954077     0.08                     -9.270297560683053E-12   0.023992691844753996     -0.06388275521954077
0.037499966716002406      -0.06495177554317576     0.08                     -5.649110916859074E-12   0.037499966716002406     -0.06495177554317576
0.030052617710300284      -0.06104273407555897     0.08                     -8.946356846597292E-12   0.030052617710300284     -0.06104273407555897
-0.015593239986274841     0.07335999609166174      0.07999999999999997      -6.694716706216986E-12   -0.015593239986274841    0.07335999609166174
-0.016873396933399173     0.06539038004704785      0.08                     -9.953144186048206E-12   -0.016873396933399173    0.06539038004704785
-0.007839467289912918     0.07458787050279471      0.07999999999999997      -6.858393977230035E-12   -0.007839467289912918    0.07458787050279471
-0.01044999766349292      0.06718467131474831      0.08000000000000002      -9.982104392206067E-12   -0.010449997663492918    0.06718467131474831
0.04408391809753979       -0.06067625057185087     0.07999999999999997      -5.190314791961299E-12   0.04408391809753979      -0.060676250571850866
0.036777156284585014      -0.05739726153622493     0.08                     -8.357638468134149E-12   0.03677715628458501      -0.05739726153622493
0.050184747272377414      -0.05573575828807775     0.08                     -4.721343484409583E-12   0.05018474727237741      -0.05573575828807775
0.04214829076308034       -0.05324022713133421     0.08                     -7.959647902673173E-12   0.04214829076308035      -0.0532402271313342
0                         0.075                    0.08                     -6.92409900758705E-12    0                        0.075
-0.003074755828503202     0.06758091234311066      0.08000000000000002      -1.0266529845568849E-11  -0.003074755828503202    0.06758091234311066
0.007839626105999796      0.07458908596708065      0.08                     -6.867196286181969E-12   0.007839626105999796     0.07458908596708065
0.004004783644398886      0.06791087168136092      0.08000000000000002      -1.008337887706589E-11   0.004004783644398886     0.06791087168136091
0.0557357969065981        -0.05018470437959347     0.08000000000000002      -4.249799017592859E-12   0.0557357969065981       -0.05018470437959347
0.047968833862933095      -0.04803954527542796     0.08                     -7.373064585460245E-12   0.047968833862933095     -0.04803954527542797
0.015593346475658632      0.07336097335751122      0.08000000000000002      -6.695331664896352E-12   0.015593346475658632     0.07336097335751122
0.011062366158803072      0.06653720847008317      0.07999999999999999      -1.0208026955436064E-11  0.011062366158803072     0.06653720847008317
0.023176256720120806      0.07132922749615196      0.08                     -6.421547036791347E-12   0.023176256720120806     0.07132922749615196
0.017741302694731655      0.06557558937445301      0.08                     -9.736912139987566E-12   0.01774130269473165      0.06557558937445301
0.06067628449743351       -0.04408387140455927     0.08000000000000002      -3.809549863049659E-12   0.06067628449743351      -0.04408387140455927
0.0520162424182399        -0.04275558909190979     0.08                     -7.105560843429229E-12   0.0520162424182399       -0.04275558909190979
0.030505208658311148      0.0685158545617348       0.08                     -6.067356303468161E-12   0.030505208658311148     0.0685158545617348
0.024491277626400763      0.06299069426283031      0.07999999999999999      -9.515584161311277E-12   0.024491277626400767     0.06299069426283031
0.0649518044021882        -0.03749991673258768     0.07999999999999999      -3.4040153090763544E-12  0.0649518044021882       -0.03749991673258768
0.056425940393462465      -0.03725372137482256     0.08                     -6.509899660599103E-12   0.05642594039346247      -0.03725372137482256
0.03749991673258768       0.0649518044021882       0.07999999999999999      -5.652370721692116E-12   0.03749991673258768      0.0649518044021882
0.031009604955447308      0.0604554274402231       0.08000000000000002      -8.914038726672941E-12   0.031009604955447304     0.06045542744022309
0.0685158545617348        -0.030505208658311148    0.08                     -3.058767954525266E-12   0.0685158545617348       -0.030505208658311148
0.059722030438990686      -0.031374982797935914    0.08                     -6.159671052576835E-12   0.05972203043899069      -0.031374982797935914
0.04408387140455927       0.06067628449743351      0.08000000000000002      -5.197210740498165E-12   0.04408387140455927      0.06067628449743351
0.03711171329298805       0.056622050792466926     0.08                     -8.504979931552036E-12   0.03711171329298805      0.056622050792466926
0.07132922749615196       -0.023176256720120806    0.08                     -2.775260135004365E-12   0.07132922749615196      -0.023176256720120806
0.06324590731866          -0.024554210668843238    0.08                     -5.624465399903302E-12   0.06324590731865999      -0.024554210668843238
0.05018470437959347       0.0557357969065981       0.08000000000000002      -4.7185577818654856E-12  0.05018470437959347      0.0557357969065981
0.04310033348450098       0.052392505979128125     0.07999999999999999      -7.891074179044548E-12   0.04310033348450098      0.052392505979128125
0.07336097335751122       -0.015593346475658632    0.08000000000000002      -2.572578996223197E-12   0.07336097335751122      -0.015593346475658632
0.06518100715073237       -0.018170824412067285    0.08                     -5.430530200000754E-12   0.06518100715073237      -0.018170824412067285
0.05573575828807775       0.050184747272377414     0.08                     -4.2548526753225775E-12  0.05573575828807775      0.05018474727237741
0.04800768336824688       0.04733773462919181      0.08                     -7.525694874669552E-12   0.04800768336824688      0.04733773462919181
0.07458908596708065       -0.007839626105999796    0.08                     -2.4489782765174977E-12  0.07458908596708065      -0.007839626105999796
0.06701542754406842       -0.010984872168578248    0.08                     -5.142550715705377E-12   0.06701542754406842      -0.010984872168578248
0.06067625057185087       0.04408391809753979      0.07999999999999997      -3.806489582107374E-12   0.060676250571850866     0.04408391809753979
0.05286256116570455       0.04208290616840523      0.07999999999999999      -6.939544562915973E-12   0.05286256116570454      0.04208290616840523
0.075                     0                        0.08                     -2.4069405711578585E-12  0.075                    0
0.06746164481366991       -0.004303244909639167    0.08                     -5.160127595982711E-12   0.06746164481366991      -0.004303244909639167
0.06495177554317576       0.037499966716002406     0.08                     -3.4037536874184827E-12  0.06495177554317576      0.037499966716002406
0.057007080489993756      0.03615770779769211      0.08                     -6.474736623717084E-12   0.057007080489993756     0.03615770779769211
0.07458787050279471       0.007839467289912918     0.07999999999999997      -2.448376068327009E-12   0.07458787050279471      0.007839467289912918
0.06746177884124255       0.0026669971233499803    0.08                     -5.17944156035138E-12    0.06746177884124255      0.0026669971233499803
0.06851583108803186       0.030505261385574422     0.07999999999999999      -3.061130249327542E-12   0.06851583108803186      0.030505261385574422
0.06057146223328857       0.03010863574661047      0.08                     -6.007616425418182E-12   0.06057146223328857      0.030108635746610466
0.07335999609166174       0.015593239986274841     0.07999999999999997      -2.575301443542897E-12   0.07335999609166174      0.015593239986274841
0.0671789505977308        0.010033759351045335     0.08                     -5.119027665893061E-12   0.06717895059773081      0.010033759351045335
0.0713292096594843        0.023176311611205702     0.07999999999999997      -2.7810641085808694E-12  0.0713292096594843       0.023176311611205702
0.06548119728589803       0.01699848743380268      0.08                     -5.399166117668907E-12   0.06548119728589803      0.01699848743380268
0.06346619150551355       0.0235394750925437       0.08                     -5.640471132665634E-12   0.06346619150551357      0.0235394750925437
-0.0018949387021469101    -0.018002263758588207    0.08                     -4.896618418336591E-10   -0.0018949387021469101   -0.018002263758588207
-9.820402014703803E-4     -0.0194909284281887      0.08                     -5.266290655330965E-10   -9.820402014703803E-4    -0.0194909284281887
-0.0014142199180020964    -0.018663768397203007    0.08                     -6.118365832858253E-10   -0.0014142199180020964   -0.018663768397203007
-0.001284724452271437     -0.017638552854872362    0.08                     -6.909836914206307E-10   -0.0012847244522714368   -0.017638552854872366
-3.128011012604563E-4     -0.019612345334261833    0.08                     -5.786736701208599E-10   -3.128011012604563E-4    -0.019612345334261833
3.200924291012668E-4      -0.01967436869001812     0.08                     -5.457539202705266E-10   3.200924291012668E-4     -0.01967436869001812
9.076006796417158E-4      -0.019334221669727054    0.08                     -5.837038683904512E-10   9.076006796417158E-4     -0.019334221669727054
-6.900648984855432E-4     -0.016854771843131465    0.08                     -6.757219945957053E-10   -6.900648984855432E-4    -0.01685477184313147
0.0014901124564686546     -0.018923196448631233    0.08                     -5.312842452363585E-10   0.0014901124564686546    -0.018923196448631233
-1.2443969329234774E-4    -0.016322016499570532    0.08                     -5.644998058209915E-10   -1.2443969329234774E-4   -0.016322016499570532
0.0017105565734201944     -0.018417317598064545    0.08                     -5.275476994871709E-10   0.0017105565734201946    -0.018417317598064545
0.001471033748306818      -0.01765000577484603     0.08                     -6.176281959083058E-10   0.0014710337483068178    -0.01765000577484603
0.0014217509324332095     -0.016910232108537097    0.08                     -5.15966372315333E-10    0.0014217509324332095    -0.016910232108537097
0.0010297322070915915     -0.01639761277186521     0.08                     -4.901023124420323E-10   0.0010297322070915915    -0.01639761277186521
4.61738499253157E-4       -0.016170098587757836    0.07999999999999999      -4.922068279705487E-10   4.6173849925315694E-4    -0.016170098587757836
-0.0018952051602106842    0.017998048772829588     0.08                     -4.968295159631756E-10   -0.0018952051602106842   0.017998048772829588
-0.0014147756965619527    0.017336802599878715     0.07999999999999999      -6.096871457941222E-10   -0.0014147756965619525   0.017336802599878715
-0.0012848596022310256    0.01836163803115013      0.08                     -6.669836045352875E-10   -0.0012848596022310259   0.018361638031150127
-6.901364338287605E-4     0.01914512308471046      0.08                     -7.064897688881576E-10   -6.901364338287604E-4    0.01914512308471046
-9.830592200682222E-4     0.016511597867851956     0.08                     -5.140832825566298E-10   -9.830592200682222E-4    0.016511597867851956
-3.133225564937994E-4     0.01638852651306909      0.08                     -5.820023123577403E-10   -3.133225564937994E-4    0.01638852651306909
-1.2443431785065886E-4    0.019678009922313076     0.08000000000000002      -5.676262272709784E-10   -1.2443431785065886E-4   0.019678009922313076
4.617054841754536E-4      0.019829975364871497     0.08                     -4.898292569254051E-10   4.6170548417545366E-4    0.019829975364871497
3.2400147299303285E-4     0.016328220824454384     0.08                     -5.522629009921155E-10   3.2400147299303285E-4    0.016328220824454384
9.079569012557663E-4      0.01666109027131047      0.08                     -5.79323927635005E-10    9.079569012557662E-4     0.016661090271310467
0.0014901727490959499     0.017077481995145367     0.07999999999999999      -5.352916271053243E-10   0.0014901727490959499    0.017077481995145367
0.0010296416128950895     0.019602471656553586     0.08000000000000002      -4.848950145933445E-10   0.0010296416128950895    0.019602471656553586
0.0014217813732006314     0.01908999762839296      0.08                     -5.195496846292759E-10   0.0014217813732006314    0.01908999762839296
0.0014713597134805765     0.018350129592578264     0.08                     -6.348400703361979E-10   0.0014713597134805767    0.01835012959257826
0.0017105443625574871     0.017583048519788952     0.08                     -5.28377952251487E-10    0.0017105443625574871    0.017583048519788952
-0.05781649412192977      -0.025623949585457467    0.08000000000000002      -7.519820566488248E-12   -0.057816494121929775    -0.025623949585457467
-0.05818541982712605      -0.018645988967594458    0.08000000000000002      -7.997336514043004E-12   -0.05818541982712605     -0.018645988967594455
-0.061853757429568064     -0.012993437363278341    0.08                     -6.953261042161715E-12   -0.06185375742956807     -0.012993437363278343
-0.04926743651526283      -0.021366442312515235    0.08                     -1.1489502934391142E-11  -0.04926743651526283     -0.02136644231251524
-0.05285248498096293      -0.030504848994068294    0.08                     -8.829046244788422E-12   -0.052852484980962934    -0.030504848994068298
-0.05114525081109096      -0.036707091844402615    0.08                     -8.5250627602792E-12     -0.05114525081109096     -0.036707091844402615
-0.0047111185103324345    -0.019848268292119546    0.08                     -1.81774712377949E-10    -0.004711118510332435    -0.01984826829211955
-0.0045099772739421035    -0.018329762474606034    0.07999999999999999      -2.039296072454277E-10   -0.0045099772739421035   -0.018329762474606034
-0.003911237414600855     -0.017711062924097694    0.08000000000000002      -2.359484912306374E-10   -0.003911237414600855    -0.01771106292409769
-0.006138932741704534     -0.018366159197608922    0.07999999999999999      -1.4946473724872053E-10  -0.006138932741704535    -0.018366159197608922
-0.006120889453729697     -0.020179656538764128    0.08                     -1.4056852780049243E-10  -0.006120889453729697    -0.020179656538764128
-0.03527209768655706      -0.01327227474629969     0.08                     -2.162491517231652E-11   -0.03527209768655706     -0.01327227474629969
-0.03782200753220933      -0.0058201207987106235   0.08000000000000002      -2.0001569673141514E-11  -0.03782200753220933     -0.0058201207987106235
-0.04376615134273637      -0.012760787362181149    0.08                     -1.529579068578929E-11   -0.04376615134273637     -0.012760787362181147
-0.06109121899707384      -0.006377231960181147    0.08                     -7.473009871390579E-12   -0.061091218997073836    -0.006377231960181147
-0.05324765114697231      -0.010901051459735321    0.08                     -1.0492414997381796E-11  -0.053247651146972316    -0.01090105145973532
-0.06323079838733378      2.5681673818402084E-4    0.08                     -6.745801857423745E-12   -0.06323079838733378     2.5681673818402084E-4
-0.04538727100288132      -0.00326750653915827     0.08                     -1.4778452034311408E-11  -0.04538727100288132     -0.00326750653915827
-0.038096665833058596     0.0018671098661373134    0.08000000000000002      -1.988767101296351E-11   -0.038096665833058596    0.0018671098661373134
-0.040270519665450304     -0.021306657225827523    0.08                     -1.6474690271108047E-11  -0.040270519665450304    -0.021306657225827526
-0.03173079050566764      -0.020439104264463076    0.08                     -2.374793001656862E-11   -0.031730790505667635    -0.020439104264463076
-0.0032950033628220965    -0.021311622406165992    0.08                     -1.9603493740584807E-10  -0.0032950033628220965   -0.021311622406165992
-0.04384821936364974      -0.0313530030838853      0.08000000000000002      -1.2536864586561993E-11  -0.04384821936364974     -0.0313530030838853
-0.04542009993010836      -0.04084391343471522     0.08                     -9.884512889464356E-12   -0.045420099930108364    -0.04084391343471522
-0.04242437468278247      -0.046437028324785676    0.08                     -9.674000875019637E-12   -0.04242437468278247     -0.046437028324785676
-0.004915110738418025     -0.017348211559868376    0.08                     -1.8682199532182106E-10  -0.004915110738418025    -0.017348211559868376
-0.0050488769612600775    -0.02162579963279531     0.08                     -1.4661694539483667E-10  -0.005048876961260078    -0.021625799632795314
-0.006850835193781614     -0.02145858660312413     0.08                     -1.181049401193739E-10   -0.006850835193781614    -0.02145858660312413
-0.008140975780783362     -0.019702705786393264    0.08                     -1.0921527697974367E-10  -0.008140975780783362    -0.019702705786393267
-0.004228089105450481     -0.016202728484394913    0.07999999999999999      -2.021865393694946E-10   -0.00422808910545048     -0.016202728484394913
-0.00836269442145153      -0.017110254971850584    0.08                     -1.0961290608967728E-10  -0.00836269442145153     -0.017110254971850588
-0.011141007022652765     -0.01905394780026063     0.08                     -8.099393848169206E-11   -0.011141007022652765    -0.019053947800260627
-0.006103427857713277     -0.016312973247571555    0.07999999999999999      -1.4673784116310835E-10  -0.006103427857713277    -0.016312973247571555
-0.02911600307908522      -0.01391097519335726     0.08000000000000002      -2.8230754176214216E-11  -0.02911600307908522     -0.013910975193357262
-0.02364135714094949      -0.018006490650329228    0.08                     -3.5740998291635216E-11  -0.023641357140949486    -0.018006490650329224
-0.030104154345789575     -0.007705086400018615    0.08                     -2.758569582294646E-11   -0.030104154345789575    -0.007705086400018615
-0.03280256864974706      -0.0015410447509212333   0.08000000000000002      -2.4771751861114817E-11  -0.03280256864974706     -0.0015410447509212333
-0.054315914262684194     3.6026171751257774E-4    0.08000000000000002      -1.0276286371073626E-11  -0.05431591426268419     3.6026171751257774E-4
-0.06084859629385145      0.0064514124330859735    0.08                     -7.561463761660971E-12   -0.06084859629385144     0.0064514124330859735
-0.061507593886638304     0.013451792137751786     0.08                     -7.059858668444846E-12   -0.061507593886638304    0.013451792137751786
-0.04521652519922685      0.005771883326908457     0.08000000000000002      -1.4816730198874275E-11  -0.04521652519922686     0.005771883326908457
-0.030993161416186653     0.00455738001152254      0.07999999999999999      -2.667069031731087E-11   -0.030993161416186656    0.00455738001152254
-0.03697021120301846      0.009561763157110853     0.08                     -2.049210493602376E-11   -0.03697021120301846     0.009561763157110853
-0.02894439956815224      0.011244703234870694     0.08                     -2.8762088886958822E-11  -0.02894439956815224     0.011244703234870694
-0.00454549768042992      0.018013817516388947     0.08                     -2.031365755908093E-10   -0.00454549768042992     0.018013817516388947
-0.0352687121851787       -0.02873880225579454     0.08                     -1.8186814303896906E-11  -0.03526871218517869     -0.028738802255794536
-0.027395081153025188     -0.025913862914972698    0.08000000000000002      -2.6516765664738072E-11  -0.027395081153025188    -0.025913862914972694
-0.02055728960122026      -0.024591133109765177    0.08                     -3.7922018685132665E-11  -0.02055728960122026     -0.02459113310976518
-0.0183751975172044       -0.01865541854681471     0.08                     -4.7678351109951414E-11  -0.0183751975172044      -0.01865541854681471
-0.014460756907286557     -0.02196782066783394     0.08                     -5.831037142307586E-11   -0.014460756907286557    -0.021967820667833943
-0.0017379303478991751    -0.02221346430352733     0.08000000000000002      -2.0088951033194379E-10  -0.0017379303478991751   -0.02221346430352733
-0.0034368315509414934    -0.02308596886356193     0.08000000000000002      -1.4783838919486568E-10  -0.003436831550941494    -0.02308596886356193
-0.009319805980366304     -0.022728742601854535    0.08                     -8.520261503822268E-11   -0.009319805980366304    -0.022728742601854535
-0.006083256424606002     -0.023647699750527072    0.08                     -1.0833621078834985E-10  -0.006083256424606002    -0.023647699750527076
-0.03666278387375062      -0.04006467028464776     0.08                     -1.3764475278142999E-11  -0.03666278387375061     -0.04006467028464777
-0.03606375747175769      -0.04943117417941295     0.08                     -1.1073596626796872E-11  -0.03606375747175769     -0.04943117417941295
-0.0319890082367858       -0.05433903962068752     0.08                     -1.0781760658826864E-11  -0.0319890082367858      -0.05433903962068752
-0.004213428134405908     0.016264172281089985     0.08                     -2.038777934717561E-10   -0.004213428134405908    0.01626417228108998
-0.006074239799667713     0.016826406554513083     0.08                     -1.4972822419445017E-10  -0.006074239799667713    0.016826406554513087
-0.0032581787301617527    -0.014684366959613518    0.08000000000000002      -2.0109553579822073E-10  -0.0032581787301617523   -0.014684366959613518
-0.01109688989194868      -0.014881664210644532    0.08                     -8.098150544344058E-11   -0.01109688989194868     -0.014881664210644532
-0.015003661348220143     -0.015917761486745133    0.08                     -6.0280672132383E-11     -0.015003661348220143    -0.015917761486745133
-0.0051335603100096504    -0.01430664398180461     0.08                     -1.4853400585763625E-10  -0.005133560310009651    -0.014306643981804612
-0.007756191533632934     -0.01443761446474319     0.07999999999999999      -1.09997151198802E-10    -0.007756191533632933    -0.01443761446474319
-0.009279687167757945     -0.012358067879372277    0.08                     -8.804771312569018E-11   -0.009279687167757945    -0.012358067879372277
-0.018922891363250042     -0.013288947864405931    0.07999999999999999      -4.698707171406281E-11   -0.018922891363250042    -0.013288947864405931
-0.02392673133722797      -0.010049214753674464    0.08                     -3.63546078493564E-11    -0.02392673133722797     -0.010049214753674464
-0.023910484656141116     -5.55380100677752E-4     0.08                     -3.6173406877828395E-11  -0.02391048465614112     -5.55380100677752E-4
-0.052637659513923456     0.011706692800998189     0.08                     -1.0719848779937146E-11  -0.052637659513923456    0.011706692800998189
-0.05800662003315237      0.018816284933104534     0.08                     -8.0541639438576E-12     -0.05800662003315237     0.01881628493310453
-0.05668231138487939      0.025926383330121802     0.08                     -7.916753244390795E-12   -0.05668231138487939     0.025926383330121806
-0.042740064995281574     0.015166180725608505     0.08                     -1.5709551187545412E-11  -0.042740064995281574    0.015166180725608505
-0.02523376045303658      0.007393504648589268     0.08000000000000002      -3.425577076968922E-11   -0.02523376045303658     0.007393504648589268
-0.02289056606773156      0.011525295038639138     0.08                     -3.822037874675239E-11   -0.02289056606773156     0.011525295038639138
-0.033971180564253134     0.01692305553186669      0.08                     -2.2300244168573643E-11  -0.033971180564253134    0.016923055531866685
-0.0259003649842986       0.017463274894215897     0.08000000000000002      -3.203427179295779E-11   -0.0259003649842986      0.017463274894215897
-0.020306956022512035     0.016476614484378115     0.08                     -4.319570651836354E-11   -0.020306956022512035    0.016476614484378115
-0.004176923666055748     0.019735444713844266     0.08000000000000002      -2.0342937002187197E-10  -0.004176923666055748    0.019735444713844266
-0.0059719170800129895    0.019223766241813864     0.08                     -1.5060679952328444E-10  -0.0059719170800129895   0.019223766241813864
-0.008383837722226607     0.018086496034893366     0.08                     -1.0968495560271069E-10  -0.008383837722226605    0.01808649603489337
-0.02844158867494692      -0.03579463078604496     0.08                     -2.0318125087930508E-11  -0.02844158867494692     -0.03579463078604495
-0.021367219695739424     -0.032480255142466205    0.08                     -2.927551471803006E-11   -0.021367219695739428    -0.03248025514246621
-0.010809698329350945     -0.02642722402860196     0.07999999999999999      -6.311913191776138E-11   -0.010809698329350945    -0.02642722402860196
-0.015426459309628167     -0.02892773521678431     0.08                     -4.329477224768783E-11   -0.015426459309628165    -0.028927735216784312
-1.58399223939773E-5      -0.022502349391497242    0.07999999999999999      -2.0289502862007937E-10  -1.58399223939773E-5     -0.022502349391497242
-0.0013327140031994065    -0.02394179386485222     0.08                     -1.4855570450201677E-10  -0.0013327140031994065   -0.02394179386485222
-0.003521656320920691     -0.02560803133923164     0.08                     -1.0615139106213976E-10  -0.003521656320920691    -0.025608031339231643
-0.007541567438123634     -0.026586763705533527    0.07999999999999999      -7.651156081217959E-11   -0.007541567438123634    -0.02658676370553353
-0.027760179155010573     -0.0468364528571342      0.08                     -1.5224845324374272E-11  -0.027760179155010577    -0.04683645285713419
-0.025153117567894193     -0.05593333644451525     0.07999999999999999      -1.216745181800715E-11   -0.02515311756789419     -0.05593333644451525
-0.020095744231855773     -0.059615878514739616    0.07999999999999999      -1.1836318488180987E-11  -0.020095744231855773    -0.059615878514739616
-0.005188519587698323     0.014562758584084047     0.08                     -1.5083897571331716E-10  -0.005188519587698323    0.014562758584084045
-0.0032395699245558428    0.014780946698434508     0.08000000000000002      -2.0455899572070193E-10  -0.0032395699245558428   0.014780946698434508
-0.007973737482969652     0.014755683163946251     0.08                     -1.0879171558971758E-10  -0.007973737482969652    0.014755683163946251
-0.011625878167519723     0.015848024175280584     0.08                     -7.81283692700582E-11    -0.011625878167519725    0.015848024175280584
-0.0016953974688340041    -0.013730726580792954    0.07999999999999999      -2.0436697655653593E-10  -0.0016953974688340041   -0.013730726580792954
-0.00341957370480896      -0.01268901471782602     0.08                     -1.5005132047596471E-10  -0.00341957370480896     -0.01268901471782602
-0.012905349489083565     -0.010641145190644574    0.08                     -6.542862683547467E-11   -0.012905349489083564    -0.010641145190644574
-0.006176270025925329     -0.01146628918293114     0.07999999999999999      -1.0749439609839692E-10  -0.006176270025925329    -0.011466289182931142
-0.008905571182119022     -0.009815980365531614    0.08                     -8.170585416205342E-11   -0.008905571182119022    -0.009815980365531614
-0.01660045919289099      -0.005393674963313701    0.08000000000000002      -5.0449944284458234E-11  -0.01660045919289099     -0.005393674963313701
-0.015985274519327887     0.012244739440152266     0.08                     -5.5554703000489296E-11  -0.015985274519327883    0.012244739440152266
-0.019603718870887205     0.006240093574149952     0.08                     -4.41745259702045E-11    -0.019603718870887205    0.006240093574149952
-0.016767959626646487     0.001343711941637571     0.07999999999999999      -4.902896929640804E-11   -0.016767959626646487    0.001343711941637571
-0.010092487043318176     0.011565219667691987     0.08                     -8.064487023459636E-11   -0.010092487043318178    0.011565219667691987
-0.006001145699508402     0.012019523320613332     0.08                     -1.1299789327043882E-10  -0.006001145699508402    0.012019523320613332
-0.049162283119357233     0.022665717556615228     0.08                     -1.1387088325228621E-11  -0.04916228311935723     0.022665717556615228
-0.050494598795568155     0.03731093366372984      0.08                     -8.666177992130825E-12   -0.050494598795568155    0.03731093366372984
-0.05280495171825937      0.030449161117133375     0.08                     -8.856951099587587E-12   -0.05280495171825938     0.03044916111713337
-0.03873029231089298      0.024070160829801304     0.08                     -1.6985430059275772E-11  -0.03873029231089298     0.024070160829801304
-0.01592943408987441      0.01869440792511174      0.08                     -5.567198220790305E-11   -0.01592943408987441     0.018694407925111737
-0.029072517082522575     0.023974310001784294     0.07999999999999999      -2.5460550820843226E-11  -0.029072517082522575    0.023974310001784294
-0.021115651302349242     0.022521352961217933     0.07999999999999999      -3.838056919400378E-11   -0.021115651302349242    0.022521352961217933
-0.01178700049749638      0.02069046152841518      0.08                     -7.387782492475745E-11   -0.011787000497496381    0.02069046152841518
-0.007559558114188892     0.021296994481489633     0.08                     -1.099005323157469E-10   -0.007559558114188891    0.021296994481489636
-0.0031782265576063805    0.02118206570942341      0.08                     -2.037671132589464E-10   -0.0031782265576063805   0.02118206570942341
-0.005046070096978706     0.021404891832932572     0.08000000000000002      -1.4997137803785448E-10  -0.005046070096978706    0.02140489183293257
-0.020356417051206395     -0.04113751613876049     0.07999999999999999      -2.2545323640377498E-11  -0.02035641705120639     -0.04113751613876049
0.0017091969704648852     -0.022186666737467192    0.08000000000000002      -2.0206064780259253E-10  0.0017091969704648852    -0.022186666737467192
-0.013775442800853242     -0.036470631520349524    0.08000000000000002      -3.333892950948908E-11   -0.013775442800853242    -0.036470631520349524
-0.009446675243645166     -0.030841891365322442    0.08000000000000002      -5.2161299229644794E-11  -0.009446675243645166    -0.030841891365322446
0.0010396695791075102     -0.024059688201837785    0.08000000000000002      -1.4727747474953067E-10  0.0010396695791075102    -0.02405968820183779
-2.569904116879844E-4     -0.026365558391433265    0.08                     -1.0622121207300631E-10  -2.569904116879844E-4    -0.02636555839143326
-0.0033368382489004037    -0.029975355646276326    0.08                     -6.904094419214497E-11   -0.003336838248900403    -0.029975355646276323
-0.0176439773116495       -0.05148449952396447     0.08                     -1.6562650097792944E-11  -0.0176439773116495      -0.051484499523964486
-0.013355491520489291     -0.05978689032199269     0.08                     -1.3042896145357301E-11  -0.01335549152048929     -0.05978689032199269
-0.007652956864978379     -0.062556981115796       0.08                     -1.2385724286387338E-11  -0.007652956864978379    -0.062556981115796
0.0032025553559024682     -0.02130518511957289     0.08000000000000002      -1.9871631551190689E-10  0.0032025553559024687    -0.021305185119572887
0.004286525482849761      -0.019855951406835763    0.08                     -1.9672470414000453E-10  0.00428652548284976      -0.019855951406835767
-0.0034645576337481027    0.012847674801937728     0.08                     -1.5271047823864177E-10  -0.0034645576337481027   0.012847674801937728
-0.0017634054876868935    0.01379449868648032      0.08000000000000002      -2.0585655502067252E-10  -0.0017634054876868935   0.01379449868648032
-0.010370910139314876     -0.0057812946255152015   0.08                     -6.67992526205482E-11    -0.010370910139314876    -0.0057812946255152015
-0.006015046844519759     -0.00799263618103499     0.08                     -8.736405058362136E-11   -0.006015046844519759    -0.00799263618103499
4.392438180501369E-5      -0.013479698492926871    0.08                     -2.0794611683389403E-10  4.392438180501369E-5     -0.013479698492926873
-0.001116755650556342     -0.011795675644233873    0.08                     -1.5126981244632963E-10  -0.001116755650556342    -0.011795675644233873
-0.003082123561708682     -0.009921614213396199    0.07999999999999999      -1.1345980193280135E-10  -0.003082123561708682    -0.009921614213396199
-0.011345603780206964     2.2888291174674724E-4    0.08                     -6.028424723902354E-11   -0.011345603780206964    2.2888291174674724E-4
-0.0125824646991411       0.005794882735305103     0.08                     -6.060918442887052E-11   -0.012582464699141097    0.005794882735305103
-0.0073142190446683596    -0.0013825228775440623   0.08000000000000002      -6.880093826780813E-11   -0.00731421904466836     -0.0013825228775440623
-0.006635399545559615     0.008328418887259006     0.08                     -8.625821383942255E-11   -0.006635399545559614    0.008328418887259006
-0.003253597360084629     0.010227546508279978     0.08                     -1.1590587336531012E-10  -0.003253597360084629    0.010227546508279978
-0.045491117544526186     0.040729384007379146     0.08                     -9.886433413549408E-12   -0.04549111754452618     0.04072938400737914
-0.04355357509590903      0.032523401275835244     0.08                     -1.2436411270854156E-11  -0.04355357509590902     0.032523401275835244
-0.041440404986360445     0.046999306256811715     0.08                     -9.879683232065499E-12   -0.041440404986360445    0.046999306256811715
-0.03270380384503699      0.03157245198864142      0.08000000000000002      -1.9042403753754718E-11  -0.03270380384503699     0.03157245198864142
-0.014676266355829925     0.023906840253616134     0.08                     -5.428081190912347E-11   -0.014676266355829927    0.023906840253616137
-0.024039604269631754     0.029516166470588655     0.08                     -2.8420725980850122E-11  -0.024039604269631754    0.029516166470588658
-0.01783087354087755      0.02775787026970975      0.07999999999999999      -4.011734703309105E-11   -0.01783087354087755     0.02775787026970975
-0.0017459204292571522    0.02221794272037099      0.08                     -2.0033763840695469E-10  -0.0017459204292571522   0.02221794272037099
-0.009457719494909912     0.025261290804670426     0.08                     -7.342158873822189E-11   -0.00945771949490991     0.02526129080467043
-0.00571011755864519      0.023944214542687928     0.08                     -1.0884009733576703E-10  -0.00571011755864519     0.023944214542687928
-0.0033564366219724605    0.02313649830144448      0.08                     -1.4773151178207075E-10  -0.0033564366219724605   0.023136498301444482
-0.005722998272844521     0.02660330239621672      0.08                     -8.501294688019965E-11   -0.005722998272844521    0.02660330239621672
1.12144480664024E-5       0.02254970172349901      0.08                     -2.0020347951539956E-10  1.12144480664024E-5      0.022549701723499013
-0.01150895126912949      -0.04440100163180989     0.08000000000000002      -2.461824313058096E-11   -0.011508951269129488    -0.044401001631809885
0.0033658077663654435     -0.023226797873842034    0.07999999999999999      -1.4578991015381316E-10  0.003365807766365443     -0.023226797873842034
-0.00530280157584464      -0.03713936958925294     0.08                     -3.973706312088673E-11   -0.0053028015758446395   -0.03713936958925294
0.0030106172288291277     -0.025893552140057327    0.08                     -1.0559125869975468E-10  0.0030106172288291277    -0.02589355214005733
0.0018142445077087132     -0.02964047121295906     0.08000000000000002      -7.336188032464567E-11   0.0018142445077087132    -0.029640471212959065
3.901026119922605E-4      -0.03369435511756368     0.08                     -5.298474778386644E-11   3.901026119922605E-4     -0.03369435511756368
-7.608372118065366E-4     -0.06139619888841438     0.08                     -1.3322163704715394E-11  -7.608372118065366E-4    -0.06139619888841439
-0.0067564269709692185    -0.05404695877079136     0.08                     -1.737664465755122E-11   -0.0067564269709692185   -0.05404695877079136
0.005844954216466752      -0.0625092131220174      0.08                     -1.254669970345959E-11   0.005844954216466752     -0.0625092131220174
0.005177553625745989      -0.02166472257659819     0.07999999999999999      -1.4308308648906722E-10  0.00517755362574599      -0.021664722576598187
0.004721148736542537      -0.018078480923720983    0.08                     -1.9559380274927233E-10  0.004721148736542537     -0.018078480923720983
0.0017311684996189226     -0.013813606728887727    0.08                     -2.0704567810875724E-10  0.0017311684996189226    -0.013813606728887729
0.004311872791180348      -0.016237357809203892    0.08                     -1.995314178241372E-10   0.004311872791180348     -0.016237357809203892
0.003252805618720586      -0.014737139595550994    0.08                     -2.0246117441727414E-10  0.003252805618720586     -0.014737139595550994
0.00631920391962403       -0.01949282568653049     0.07999999999999999      -1.4115467792643084E-10  0.006319203919624031     -0.01949282568653049
-6.056994539035271E-6     0.01343574072464742      0.08                     -2.0586142040941474E-10  -6.056994539035271E-6    0.013435740724647422
-0.001223880912097658     0.011943707839811288     0.07999999999999999      -1.5410789214058482E-10  -0.001223880912097658    0.011943707839811288
-0.005459140660414252     -0.004586531773090097    0.08                     -7.68594698078991E-11    -0.005459140660414252    -0.004586531773090097
-0.0022046712647100855    -0.0069107196876765295   0.08                     -9.2192620833011E-11     -0.0022046712647100855   -0.0069107196876765295
0.0013792742382439903     -0.011969081998426438    0.08                     -1.5334324247029895E-10  0.0013792742382439903    -0.011969081998426438
2.014515914773793E-4      -0.00924647423274609     0.08                     -1.1274727445635642E-10  2.014515914773793E-4     -0.00924647423274609
0.0017341826139795832     0.013780536015179506     0.08                     -2.055156828312121E-10   0.0017341826139795832    0.013780536015179506
-0.006457074271806175     0.0036059285826835624    0.08                     -7.291706269742511E-11   -0.006457074271806175    0.0036059285826835624
-0.003976283880008931     -7.015483609688761E-4    0.08                     -7.371530795140603E-11   -0.003976283880008931    -7.015483609688761E-4
-0.0022688678560971003    0.006662224362485918     0.08                     -9.055344748338047E-11   -0.0022688678560971003   0.006662224362485918
-4.671181159276311E-5     0.009620021136768589     0.08                     -1.1726358243292126E-10  -4.671181159276311E-5    0.009620021136768589
-0.035845099030952024     0.0407133356787057       0.08                     -1.3957962340765397E-11  -0.03584509903095202     0.0407133356787057
-0.036032186138412914     0.049216957451613336     0.08000000000000002      -1.1150829073325949E-11  -0.036032186138412914    0.049216957451613336
-0.03082147623856353      0.05460114391637072      0.07999999999999999      -1.1040192367753927E-11  -0.030821476238563527    0.05460114391637072
-0.02529409302923355      0.037901481843624595     0.08                     -2.1412264915166333E-11  -0.02529409302923355     0.037901481843624595
-0.013408922790698666     0.02966327893977916      0.08                     -4.638161520046599E-11   -0.013408922790698665    0.02966327893977916
-0.01780723012457778      0.03431108942292724      0.08000000000000002      -3.159166987874679E-11   -0.017807230124577775    0.03431108942292724
-0.0011416076500498432    0.02413435567621168      0.08                     -1.4491392642255482E-10  -0.0011416076500498432   0.02413435567621168
-0.0078042416131345535    0.029948035842238485     0.07999999999999999      -5.94216152424641E-11    -0.0078042416131345535   0.029948035842238485
-0.0030644145793838513    0.02605291037382345      0.08                     -1.0346935271059453E-10  -0.0030644145793838513   0.026052910373823453
-0.004230340070638241     0.028893234279439378     0.08000000000000002      -7.417592973986767E-11   -0.004230340070638241    0.028893234279439378
0.00175870471599689       0.022206015404940507     0.08                     -2.006137081688371E-10   0.00175870471599689      0.022206015404940507
0.0013230287214004502     0.024013648258999376     0.08                     -1.4700021146135795E-10  0.0013230287214004502    0.024013648258999376
-0.002267006045813546     -0.04593836762683297     0.08000000000000002      -2.5435421543538576E-11  -0.002267006045813546    -0.04593836762683296
0.005779777767780058      -0.02421595573908856     0.08                     -1.0520208939283984E-10  0.005779777767780058     -0.024215955739088555
0.008004411010583455      -0.021834856752668767    0.08                     -1.0156381770116878E-10  0.008004411010583455     -0.02183485675266877
0.002163222137630998      -0.03901031092499572     0.07999999999999999      -3.6791031279584795E-11  0.002163222137630998     -0.03901031092499572
0.0060630443584675075     -0.027904514849457343    0.08000000000000002      -7.483089293675387E-11   0.006063044358467508     -0.02790451484945734
0.00534400915919863       -0.03336453776672696     0.08                     -5.0718972218738E-11     0.00534400915919863      -0.03336453776672696
0.0047440023028324915     -0.054143700863630836    0.08                     -1.7533343926414227E-11  0.0047440023028324915    -0.05414370086363084
0.012060057915168006      -0.059656317445354094    0.08                     -1.3310874941880578E-11  0.012060057915168008     -0.059656317445354094
0.018591987783046215      -0.05976973868952346     0.08                     -1.2088891273913541E-11  0.018591987783046215     -0.05976973868952347
0.006480153435023835      -0.016958342471756517    0.08                     -1.4103131851252387E-10  0.006480153435023836     -0.016958342471756514
0.0037753466195499415     -0.012871144613273044    0.07999999999999999      -1.4865701550131007E-10  0.0037753466195499415    -0.012871144613273044
0.005510369403412721      -0.01480288491648793     0.08000000000000002      -1.4703288573049888E-10  0.005510369403412721     -0.01480288491648793
0.009481394720533848      -0.018534660414096793    0.08                     -9.611301677867282E-11   0.009481394720533847     -0.018534660414096793
0.0031841384184016115     0.021177895085373627     0.08000000000000002      -2.0355760001688447E-10  0.0031841384184016115    0.021177895085373627
0.0011840471672092227     0.01193722125043395      0.08                     -1.5432401282104865E-10  0.0011840471672092227    0.01193722125043395
0.003251631813391699      0.014754667617628094     0.08                     -2.0314057041690194E-10  0.003251631813391699     0.014754667617628092
0.00424182193594172       0.016257188066031186     0.08                     -2.0251027316085254E-10  0.00424182193594172      0.016257188066031186
-8.119081047834285E-4     -0.0028491650645124447   0.08                     -7.844105483677326E-11   -8.119081047834285E-4    -0.0028491650645124447
0.0017267192516497824     -0.006264672197887712    0.08                     -8.923950003131322E-11   0.0017267192516497824    -0.006264672197887712
0.003955153665939716      -0.009853752081608144    0.08                     -1.0837363805630496E-10  0.003955153665939716     -0.009853752081608144
0.0034417871177795205     0.012831318887442142     0.08                     -1.5237431750339117E-10  0.0034417871177795205    0.012831318887442142
0.003174070461310921      0.010207374798781935     0.08                     -1.1607658303605989E-10  0.003174070461310921     0.010207374798781935
-5.234885873311584E-4     0.0023243964510805473    0.08                     -7.749389638850102E-11   -5.234885873311584E-4    0.0023243964510805473
0.0021306307922207175     0.006939147274410862     0.08                     -9.249068233364161E-11   0.0021306307922207175    0.006939147274410862
-0.026443539412865823     0.04704676732681751      0.08                     -1.5679595406432654E-11  -0.02644353941286582     0.04704676732681751
-0.024789299848486303     0.055655465342644685     0.08                     -1.2386496237274698E-11  -0.0247892998484863      0.055655465342644685
-0.018820810579248233     0.05983375734661901      0.08                     -1.2015312989389489E-11  -0.018820810579248233    0.05983375734661901
-0.016896970983170112     0.04198214585107536      0.08                     -2.411105297177701E-11   -0.016896970983170112    0.041982145851075355
0.004607206699415053      0.018028086585405834     0.08                     -2.0026930545796157E-10  0.004607206699415053     0.018028086585405834
0.004181805292762807      0.019749447158856098     0.07999999999999999      -2.028710870295893E-10   0.004181805292762807     0.019749447158856098
-0.009732269166650646     0.035956841711661774     0.08                     -3.853444553833186E-11   -0.009732269166650645    0.03595684171166177
2.677017807879954E-4      0.026523030342419297     0.08                     -1.0422488757778762E-10  2.677017807879954E-4     0.026523030342419294
-0.004030567533059779     0.03270746068606689      0.08                     -5.470955427477797E-11   -0.004030567533059779    0.03270746068606689
-9.88706950857409E-4      0.029467354380791712     0.08                     -7.513015807349967E-11   -9.88706950857409E-4     0.02946735438079171
0.0034392043618208766     0.02305764450551532      0.08                     -1.4814035339373718E-10  0.0034392043618208766    0.023057644505515316
0.0033845214031027783     0.025585236707118653     0.08                     -1.0717404398798504E-10  0.0033845214031027783    0.025585236707118653
0.00747100920428948       -0.04553561793987282     0.07999999999999999      -2.4821057779959338E-11  0.007471009204289481     -0.04553561793987282
0.00983019736902156       -0.025034334569860504    0.08                     -7.242343041498197E-11   0.00983019736902156      -0.025034334569860508
0.011505956289433312      -0.021897644079298645    0.08                     -7.318927659644268E-11   0.01150595628943331      -0.021897644079298645
0.009641684917325493      -0.03798624110358498     0.08000000000000002      -3.476008986795866E-11   0.009641684917325493     -0.03798624110358498
0.011823695689217218      -0.030587444916385438    0.07999999999999999      -4.7829938516894173E-11  0.011823695689217218     -0.030587444916385435
0.015726283671808197      -0.051751261871327225    0.08                     -1.6973279838777617E-11  0.015726283671808197     -0.051751261871327225
0.024310008271844066      -0.055919181319219066    0.08000000000000002      -1.240754364552262E-11   0.024310008271844066     -0.05591918131921907
0.03075081501971395       -0.054685012308556005    0.08                     -1.1030815160698473E-11  0.03075081501971395      -0.054685012308556005
0.008416947599529191      -0.015303787262227538    0.07999999999999999      -1.055630262099102E-10   0.008416947599529191     -0.015303787262227536
0.007211613928402461      -0.012283036411628923    0.08                     -1.0367925001042204E-10  0.0072116139284024595    -0.012283036411628923
0.011323695406646146      -0.01587239897627222     0.08                     -8.017968958802517E-11   0.011323695406646146     -0.01587239897627222
0.013191429181409699      -0.018234132176567656    0.08                     -6.844269085227394E-11   0.013191429181409699     -0.01823413217656766
0.005106133864343016      0.021368270821489246     0.08                     -1.4886861415403048E-10  0.005106133864343016     0.021368270821489246
0.00514027386727834       0.014530457904035024     0.08                     -1.510660361309486E-10   0.00514027386727834      0.014530457904035024
0.00619807905776857       0.016745728354191927     0.08                     -1.4665548373098656E-10  0.00619807905776857      0.016745728354191927
0.0037775685535641514     -0.001934617673942103    0.08                     -7.493857356286113E-11   0.0037775685535641514    -0.001934617673942103
0.006275525390574684      -0.006026742906798936    0.08                     -7.908716095824548E-11   0.006275525390574685     -0.006026742906798936
0.007549080153246408      -0.009332964006797034    0.08                     -8.653874653856536E-11   0.007549080153246408     -0.009332964006797034
0.005990297198000111      0.011870337870341863     0.08                     -1.1200530497477966E-10  0.005990297198000111     0.011870337870341863
0.0064231180690322714     0.008166104454924022     0.08                     -8.648040239155345E-11   0.0064231180690322714    0.008166104454924022
0.006435380222004572      0.0027012221821557866    0.08                     -7.160100043127725E-11   0.006435380222004572     0.0027012221821557866
-0.01600086614781011      0.05154155923537823      0.08                     -1.7036462257723607E-11  -0.01600086614781011     0.05154155923537823
-0.012550702722535577     0.05946377299283916      0.07999999999999999      -1.3335402284225672E-11  -0.012550702722535579    0.05946377299283916
-0.006125727310634651     0.06242182680868526      0.08                     -1.2573158720909926E-11  -0.006125727310634651    0.06242182680868526
-0.007872274617297486     0.04502712422092647      0.08000000000000002      -2.5306214136941194E-11  -0.007872274617297488    0.04502712422092647
0.006117764195714779      0.01918676468700148      0.08                     -1.4697844652976184E-10  0.006117764195714779     0.01918676468700148
-0.0026458731542360024    0.038809628260611316     0.08                     -3.70985309401316E-11    -0.0026458731542360024   0.038809628260611316
0.0029346614956375708     0.028961223718360796     0.08000000000000002      -7.648172103701134E-11   0.0029346614956375708    0.028961223718360796
0.0011755779139738104     0.03321833289688484      0.08                     -5.451166537789903E-11   0.0011755779139738104    0.03321833289688484
0.00596961420327757       0.02377669467021376      0.08                     -1.0791300653860748E-10  0.00596961420327757      0.02377669467021376
0.006595504512678603      0.027156914227749664     0.08                     -7.726587796546072E-11   0.006595504512678603     0.02715691422774966
0.016583161724087768      -0.04280001521847197     0.08                     -2.35281741500519E-11    0.01658316172408777      -0.04280001521847198
0.014686567470518086      -0.025498979822114506    0.08                     -5.153660179324173E-11   0.014686567470518086     -0.02549897982211451
0.015160440109623603      -0.021248471134197512    0.08                     -5.6401302902374577E-11  0.015160440109623603     -0.021248471134197512
0.01757334947949113       -0.034642053550669336    0.08                     -3.146264697144723E-11   0.01757334947949113      -0.03464205355066934
0.017465369237837647      -0.028906843548459578    0.08                     -3.925247416193365E-11   0.017465369237837647     -0.028906843548459578
0.026268534929447574      -0.04734875770426231     0.08                     -1.5601296818047063E-11  0.026268534929447578     -0.04734875770426232
0.03528510752345408       -0.049661583409734256    0.08                     -1.1263934778352674E-11  0.03528510752345409      -0.049661583409734256
0.04130398620626702       -0.04714349720038805     0.08                     -9.883782917210696E-12   0.04130398620626702      -0.04714349720038805
0.011201662289966637      -0.013443288890226328    0.08000000000000002      -7.784415501048309E-11   0.011201662289966637     -0.01344328889022633
0.010033621226506483      -0.010494834706015845    0.08                     -7.80066562496494E-11    0.010033621226506483     -0.010494834706015845
0.01431980195618644       -0.014843134214160537    0.07999999999999999      -6.319823297494305E-11   0.01431980195618644      -0.014843134214160536
0.01786745711065526       -0.018364126796872528    0.07999999999999999      -4.925065106171689E-11   0.017867457110655263     -0.018364126796872524
0.007768416436689192      0.021138452321924496     0.08                     -1.07943016140513E-10    0.007768416436689192     0.021138452321924493
0.008085608087994894      0.014667604406379667     0.08                     -1.0723164198096751E-10  0.008085608087994895     0.014667604406379667
0.008622537938045512      0.018001690526355987     0.08                     -1.065196587221037E-10   0.008622537938045514     0.018001690526355987
0.009769892648186135      -0.0024828309816867233   0.08                     -6.45036931024207E-11    0.009769892648186134     -0.0024828309816867233
0.010704555801745376      -0.007176893888794764    0.08                     -6.811531268663561E-11   0.010704555801745376     -0.007176893888794764
0.009936861839849594      0.011278000885283482     0.08                     -8.070693612671195E-11   0.009936861839849596     0.011278000885283482
0.011207968478377073      0.006595531573894989     0.08                     -6.553815781073418E-11   0.011207968478377073     0.006595531573894989
0.013237277522190685      0.00130341104652823      0.08                     -5.643879616812986E-11   0.013237277522190685     0.00130341104652823
-0.005083495838688123     0.053478330367556226     0.07999999999999999      -1.7995794820611617E-11  -0.005083495838688122    0.053478330367556226
3.0550263123121923E-4     0.060926545804672605     0.07999999999999999      -1.3563236278187065E-11  3.0550263123121923E-4    0.060926545804672605
0.007161634001309543      0.062274566501100276     0.08                     -1.2556756240603309E-11  0.007161634001309543     0.06227456650110028
0.0015653960482951389     0.04563482634304159      0.07999999999999999      -2.5899035645098926E-11  0.0015653960482951389    0.04563482634304159
0.005527387624249612      0.038610069337450884     0.08                     -3.6343803100083147E-11  0.005527387624249612     0.03861006933745088
0.006627202114768301      0.032188686981604334     0.08                     -5.306714371869639E-11   0.006627202114768302     0.03218868698160433
0.009397906791384154      0.02416178276564035      0.08                     -7.860759965043805E-11   0.009397906791384152     0.02416178276564035
0.010441069272698795      0.028684721662700224     0.08                     -5.662765602433832E-11   0.010441069272698793     0.028684721662700224
0.025541828810165014      -0.038808169008540415    0.08                     -2.0652182650477867E-11  0.02554182881016501      -0.038808169008540415
0.020449682082619845      -0.02349877598667728     0.08                     -3.902850638628128E-11   0.02044968208261985      -0.02349877598667728
0.023963972326160835      -0.030641861047938784    0.08                     -2.7693921183223034E-11  0.023963972326160835     -0.030641861047938784
0.0350960468029405        -0.04147270457513596     0.08                     -1.4038661684797991E-11  0.03509604680294049      -0.04147270457513596
0.04378354257943783       -0.04122640438051976     0.08                     -1.0428625900029775E-11  0.04378354257943783      -0.04122640438051977
0.01465710791505832       -0.010206691904007872    0.08000000000000002      -5.870467618518392E-11   0.014657107915058322     -0.010206691904007872
0.019896634870683133      -0.013784382015151246    0.08000000000000002      -4.4608163923223585E-11  0.019896634870683133     -0.013784382015151248
0.02186074870628052       -0.01805566257758113     0.08000000000000002      -3.919747435083778E-11   0.02186074870628052      -0.01805566257758113
0.025895306355677473      -0.020330655109733857    0.08                     -3.1086040181856777E-11  0.025895306355677473     -0.020330655109733857
0.011425158114532968      0.020395228753328956     0.08                     -7.689043580854481E-11   0.01142515811453297      0.020395228753328956
0.01248093026316557       0.015622609006589294     0.08                     -7.287052389332354E-11   0.012480930263165572     0.015622609006589294
0.016149263468819543      -0.003868613925100191    0.08                     -5.07984449253552E-11    0.01614926346881954      -0.003868613925100191
0.014977275821916932      0.010565032762366144     0.08                     -5.787797090444871E-11   0.014977275821916934     0.010565032762366144
0.015869843314515998      0.005727429349072007     0.08                     -5.2267172989902096E-11  0.015869843314515998     0.005727429349072007
0.01979434185414064       0.0019354448798901275    0.08                     -4.318735055933712E-11   0.01979434185414064      0.0019354448798901275
0.006288095683156289      0.05355023750667748      0.08                     -1.779172541497992E-11   0.006288095683156289     0.05355023750667748
0.012655077803414565      0.05956871855480293      0.08000000000000002      -1.3267860828179059E-11  0.012655077803414566     0.05956871855480294
0.01969051626833261       0.05959692529074352      0.08                     -1.194084733929996E-11   0.01969051626833261      0.05959692529074352
0.010444895589234154      0.044064752978735        0.08                     -2.543633572986855E-11   0.010444895589234155     0.044064752978735
0.013057083921767937      0.035285861450567405     0.08                     -3.604068138455372E-11   0.013057083921767937     0.0352858614505674
0.013830643811545473      0.02450979761672782      0.08                     -5.618564382481028E-11   0.013830643811545473     0.02450979761672782
0.015537840534107252      0.028852314169347595     0.08                     -4.324835553976813E-11   0.015537840534107252     0.028852314169347592
0.03147209357794407       -0.03355821649576535     0.07999999999999999      -1.915060618397135E-11   0.03147209357794407      -0.03355821649576535
0.027918412117136415      -0.026318939143628865    0.08                     -2.5697590223302958E-11  0.027918412117136415     -0.02631893914362887
0.0411335060445329        -0.03521605402337889     0.08                     -1.2980819426366204E-11  0.0411335060445329       -0.0352160540233789
0.048332355687609255      -0.03606553393167035     0.08                     -9.710318146933946E-12   0.04833235568760925      -0.03606553393167034
0.021749919053871525      -0.008692007391514336    0.08                     -4.0329374632769424E-11  0.021749919053871525     -0.008692007391514336
0.026432540795374874      -0.014382537234955722    0.08                     -3.1852785368436685E-11  0.026432540795374878     -0.014382537234955722
0.03212871793273863       -0.019758165195770554    0.08                     -2.3515967132575667E-11  0.03212871793273863      -0.019758165195770557
0.016509351624085657      0.02003273371436738      0.08                     -5.2691893364879794E-11  0.016509351624085653     0.02003273371436738
0.01743228950902225       0.014824912878218993     0.08000000000000002      -5.1414781525373304E-11  0.01743228950902225      0.014824912878218993
0.023678142347171055      -0.0033318856787896076   0.08                     -3.6570499667265727E-11  0.023678142347171055     -0.0033318856787896076
0.022088734576906837      0.009285295089116984     0.07999999999999999      -3.9668652295670224E-11  0.022088734576906834     0.009285295089116984
0.026587852011229613      0.002022609334981239     0.08                     -3.223944151678916E-11   0.026587852011229613     0.002022609334981239
0.01713118439431876       0.051157555247677705     0.08                     -1.6934849140657046E-11  0.017131184394318762     0.05115755524767772
0.02482432808799028       0.055594899962168404     0.08000000000000002      -1.2402607841476508E-11  0.024824328087990285     0.0555948999621684
0.03174545022711591       0.0543232916287205       0.07999999999999999      -1.0862831833827409E-11  0.03174545022711591      0.0543232916287205
0.019830625806913058      0.04073169607976368      0.08                     -2.3248847423057415E-11  0.019830625806913058     0.04073169607976368
0.02024761794643342       0.03232273638062347      0.08                     -3.075709511461685E-11   0.020247617946433424     0.03232273638062347
0.01977790104463117       0.0252061470489683       0.08                     -3.8995845090488415E-11  0.01977790104463117      0.025206147048968296
0.03864978625950843       -0.0265119117366217      0.08                     -1.6487325524177352E-11  0.03864978625950843      -0.026511911736621704
0.046000794707823055      -0.03073677914373546     0.08                     -1.1645213683408706E-11  0.046000794707823055     -0.03073677914373546
0.05228605901581226       -0.03015132597131022     0.08000000000000002      -9.094465959526905E-12   0.05228605901581226      -0.030151325971310216
0.03929775122451687       -0.019078120342240372    0.08                     -1.7505297490681842E-11  0.03929775122451687      -0.019078120342240372
0.02925896511773614       -0.008469546873648731    0.07999999999999999      -2.8594207791164526E-11  0.02925896511773614      -0.008469546873648731
0.03489014909239896       -0.013634407111108325    0.07999999999999999      -2.192808309558431E-11   0.03489014909239896      -0.013634407111108327
0.05662711925182876       -0.025763794918434682    0.08000000000000002      -7.947610294915745E-12   0.05662711925182876      -0.02576379491843468
0.023477853349663062      0.017949132201851584     0.08000000000000002      -3.60365869066723E-11    0.023477853349663066     0.017949132201851587
0.031192292774184137      -0.0029655046182728434   0.08000000000000002      -2.6468891812487406E-11  0.03119229277418414      -0.0029655046182728434
0.02891869589794652       0.013896880776124887     0.08                     -2.8473015092158352E-11  0.028918695897946524     0.013896880776124887
0.032693122625675704      0.00224083469596046      0.08                     -2.4863705394444314E-11  0.032693122625675704     0.00224083469596046
0.03043780396366858       0.007803905620597691     0.07999999999999999      -2.7202985381334245E-11  0.03043780396366858      0.007803905620597691
0.0272635793903667        0.04632158632256546      0.08                     -1.565907613379376E-11   0.027263579390366697     0.04632158632256545
0.036046514969310106      0.04925515017363402      0.07999999999999999      -1.1127656094481459E-11  0.036046514969310106     0.04925515017363402
0.027781894225325895      0.03558161091227875      0.08                     -2.090213636523099E-11   0.027781894225325895     0.035581610912278745
0.026369786341972214      0.026448848807599935     0.08                     -2.7543160798218077E-11  0.02636978634197221      0.026448848807599932
0.04239411182455336       0.046133099911228305     0.07999999999999999      -9.760354990583318E-12   0.04239411182455336      0.046133099911228305
0.048441055028771704      -0.022134099775938255    0.08                     -1.1779559010164272E-11  0.04844105502877171      -0.022134099775938252
0.043438125276091664      -0.013575135053799876    0.08                     -1.5423499769307933E-11  0.043438125276091664     -0.013575135053799875
0.03711914880019587       -0.007797604954102172    0.08                     -2.0486880994081902E-11  0.03711914880019587      -0.007797604954102172
0.057563339964131675      -0.019008268922594135    0.08                     -8.203973309055921E-12   0.057563339964131675     -0.019008268922594135
0.061186472315539975      -0.013462647785703379    0.08                     -7.176883847647323E-12   0.061186472315539975     -0.01346264778570338
0.031323599046800155      0.020424490167745626     0.08                     -2.4173280789261983E-11  0.031323599046800155     0.020424490167745626
0.03784329638231837       -0.001212505443151303    0.08                     -2.0097262598930627E-11  0.03784329638231837      -0.001212505443151303
0.0355698792404201        0.013519714238281647     0.08                     -2.131915344654346E-11   0.0355698792404201       0.013519714238281647
0.037410859210865025      0.006072199714686317     0.08                     -2.0333250915843273E-11  0.03741085921086502      0.006072199714686317
0.036473747550619905      0.03942783833701794      0.07999999999999999      -1.4058797744461318E-11  0.036473747550619905     0.03942783833701794
0.03470117397010472       0.028957231985740295     0.08                     -1.85261262742264E-11    0.03470117397010472      0.028957231985740295
0.045317854784223316      0.040750100098048414     0.08                     -9.946398762740488E-12   0.045317854784223316     0.040750100098048414
0.052562736126567935      -0.011423921129983923    0.08                     -1.0762109375145857E-11  0.05256273612656793      -0.011423921129983925
0.04491299666262192       -0.00559416490243702     0.08000000000000002      -1.500008013435413E-11   0.04491299666262192      -0.00559416490243702
0.060539220792475076      -0.006854785478838207    0.08                     -7.66761775473775E-12    0.06053922079247508      -0.006854785478838207
0.03999950458725689       0.021194385225227652     0.08000000000000002      -1.6658728964426833E-11  0.03999950458725688      0.021194385225227652
0.0453354593389932        0.0033328995684938564    0.08                     -1.4804838739401118E-11  0.045335459338993196     0.0033328995684938564
0.04374268013038762       0.012361895746166321     0.08                     -1.5338564815164593E-11  0.04374268013038762      0.012361895746166321
0.04416898361347471       0.03109804366238067      0.08                     -1.2432674316188107E-11  0.04416898361347471      0.03109804366238067
0.050792633667078924      0.036071590852220024     0.08                     -8.765203693210795E-12   0.050792633667078924     0.036071590852220024
0.054355246995950984      -7.348633601170981E-4    0.08                     -1.0252335528010093E-11  0.05435524699595097      -7.348633601170981E-4
0.06261739643214535       -8.376863775081261E-4    0.08                     -6.970423906548447E-12   0.06261739643214535      -8.376863775081261E-4
0.049631466436497296      0.021122016120002612     0.08                     -1.1335812383283233E-11  0.049631466436497296     0.021122016120002612
0.05331053362653586       0.010474881710116589     0.07999999999999999      -1.0480563668688884E-11  0.053310533626535865     0.010474881710116587
0.05303122043364502       0.029987487131140952     0.08                     -8.829117578691097E-12   0.05303122043364502      0.029987487131140956
0.060906314101486274      0.006260298580776966     0.08                     -7.542243345141438E-12   0.060906314101486274     0.006260298580776966
0.05750750149052375       0.024863666078366334     0.08                     -7.712790753352473E-12   0.05750750149052375      0.024863666078366334
0.057920836936354816      0.01877828086676904      0.08                     -8.086045807992198E-12   0.05792083693635481      0.01877828086676904
0.06156796907717326       0.012431058064887188     0.08                     -7.081038065636322E-12   0.061567969077173254     0.012431058064887188
-5.794296835069982E-4     -0.018642198057056518    0.08                     -1.0982724451811666E-9   -5.794296835069982E-4    -0.01864219805705652
-1.6680204549037304E-4    -0.017911796353105365    0.08                     -3.766255503567183E-9    -1.6680204549037304E-4   -0.01791179635310536
1.5922969403685803E-4     -0.01886641431690481     0.08000000000000002      -1.1667317221578148E-9   1.5922969403685803E-4    -0.01886641431690481
8.946526559779633E-4      -0.01837836432116937     0.08                     -9.667755736041127E-10   8.946526559779632E-4     -0.018378364321169374
4.137694405260186E-4      -0.01717215884260895     0.08                     -1.0312469790184002E-9   4.137694405260185E-4     -0.01717215884260895
-5.801347502676209E-4     0.017358187019893702     0.08                     -1.1548124432473254E-9   -5.801347502676209E-4    0.0173581870198937
-1.6691124602580016E-4    0.01808836965408904      0.08                     -3.6727570248655347E-9   -1.6691124602580016E-4   0.01808836965408904
1.6625903725210226E-4     0.01713016233531324      0.07999999999999999      -1.1340175217548245E-9   1.6625903725210224E-4    0.01713016233531324
4.138381082029771E-4      0.018827921698688785     0.07999999999999999      -1.0903539850558894E-9   4.138381082029771E-4     0.018827921698688785
8.951466124291132E-4      0.017622259793629937     0.07999999999999999      -1.0060853382619173E-9   8.95146612429113E-4      0.017622259793629937
