% Model:              pcal_mirror_deformation_3d_2beams.mph
% Version:            COMSOL 5.6.0.401
% Date:               Nov 11 2025, 15:08
% Dimension:          3
% Nodes:              528
% Expressions:        3
% Description:        Displacement field, Z component, x-coordinate, y-coordinate
% Length unit:        m
% X                       Y                        Z                        w (m)                    x (m)                    y (m)
-0.06595254184097865      -0.01768257309856433     0.08                     -5.935193950800242E-12   -0.06595254184097865     -0.01768257309856433
-0.07335999609166174      -0.015593239986274841    0.07999999999999997      -3.219416848207868E-12   -0.07335999609166174     -0.015593239986274841
-0.0713292096594843       -0.023176311611205702    0.07999999999999997      -3.218665280415488E-12   -0.0713292096594843      -0.023176311611205702
-0.06851583108803186      -0.030505261385574422    0.07999999999999999      -3.2210353791699374E-12  -0.06851583108803186     -0.030505261385574422
-0.06350592983679272      -0.02424780793031376     0.08000000000000002      -6.053727285269506E-12   -0.06350592983679272     -0.024247807930313756
-0.07458787050279471      -0.007839467289912918    0.07999999999999997      -3.222103213682484E-12   -0.07458787050279471     -0.007839467289912918
-0.06733015781960319      -0.01049429033420786     0.07999999999999999      -5.991442905299339E-12   -0.06733015781960318     -0.01049429033420786
-0.06818822331682936      -0.0035364669519986833   0.08                     -5.936992019347991E-12   -0.06818822331682937     -0.0035364669519986833
-0.075                    0                        0.08                     -3.2241365133551436E-12  -0.075                   0
-0.06101296113128931      -0.031230763501007237    0.08000000000000002      -5.8282021189433805E-12  -0.06101296113128931     -0.031230763501007234
-0.06495177554317576      -0.037499966716002406    0.08                     -3.2222028414319043E-12  -0.06495177554317576     -0.037499966716002406
-0.06067625057185087      -0.04408391809753979     0.07999999999999997      -3.222535757020789E-12   -0.060676250571850866    -0.04408391809753979
-0.05745572558377908      -0.03677160645073259     0.08000000000000002      -5.959114769303361E-12   -0.05745572558377909     -0.03677160645073258
-0.07458908596708065      0.007839626105999796     0.08                     -3.2224773025939054E-12  -0.07458908596708065     0.007839626105999796
-0.06792689124442278      0.0037244175626017367    0.08                     -6.0337038238311015E-12  -0.06792689124442276     0.0037244175626017367
-0.067356565986427        0.010888993791472096     0.08000000000000002      -5.9525170706149816E-12  -0.06735656598642702     0.010888993791472096
-0.07336097335751122      0.015593346475658632     0.08000000000000002      -3.2230805742985266E-12  -0.07336097335751122     0.015593346475658632
-0.0025                   0                        0.08                     -7.288304107718972E-10   -0.0025                  0
-0.0023081206768985076    9.604998908774565E-4     0.08                     -7.275418745346872E-10   -0.0023081206768985076   9.604998908774565E-4
-0.0032703190196022407    6.52868221952832E-4      0.08000000000000002      -5.378310979370231E-10   -0.0032703190196022407   6.52868221952832E-4
-0.003269945721548751     -6.388722302359123E-4    0.08                     -5.380380762979353E-10   -0.003269945721548751    -6.388722302359123E-4
-0.0023081196655058505    -9.605023214071416E-4    0.07999999999999999      -7.276569010411111E-10   -0.0023081196655058505   -9.605023214071416E-4
-0.0530477491984355       -0.04284358846119157     0.08                     -5.9736051060986565E-12  -0.0530477491984355      -0.04284358846119157
-0.05573575828807775      -0.050184747272377414    0.08                     -3.2193042227155217E-12  -0.05573575828807775     -0.05018474727237741
-0.05018470437959347      -0.0557357969065981      0.08000000000000002      -3.218929384244552E-12   -0.05018470437959347     -0.0557357969065981
-0.048620079973400065     -0.047549575100861434    0.08                     -6.045402921049956E-12   -0.048620079973400065    -0.047549575100861434
-0.07132922749615196      0.023176256720120806     0.08                     -3.216974150864799E-12   -0.07132922749615196     0.023176256720120806
-0.06545551361487342      0.018058418930633084     0.08000000000000002      -6.087703910639716E-12   -0.06545551361487344     0.018058418930633088
-0.0685158545617348       0.030505208658311148     0.08                     -3.221506393260771E-12   -0.0685158545617348      0.030505208658311148
-0.06351230193498858      0.02483026937835564      0.08                     -5.9715851826369455E-12  -0.06351230193498858     0.02483026937835564
-0.001766751091613251     0.0017687822295661695    0.07999999999999999      -7.262782304985142E-10   -0.001766751091613251    0.0017687822295661692
-0.002804279876997832     0.0018635511674484975    0.08000000000000002      -5.321170162173383E-10   -0.002804279876997832    0.0018635511674484975
-0.0028151365193359278    -0.0018599970557491852   0.08                     -5.311965643624139E-10   -0.0028151365193359278   -0.0018599970557491852
-0.0017667487487992236    -0.0017687845696807316   0.08                     -7.259231528037634E-10   -0.0017667487487992236   -0.0017687845696807314
-0.04344032311633699      -0.052930182290396255    0.08                     -5.8572419214710945E-12  -0.04344032311633699     -0.052930182290396255
-0.04408387140455927      -0.06067628449743351     0.08000000000000002      -3.2187621977688685E-12  -0.04408387140455927     -0.06067628449743351
-0.03749991673258768      -0.0649518044021882      0.07999999999999999      -3.2187710569657136E-12  -0.03749991673258768     -0.0649518044021882
-0.03748540469999329      -0.05648908598990477     0.07999999999999999      -6.127606459668673E-12   -0.03748540469999329     -0.05648908598990477
-9.578441493237516E-4     -0.0023092239932361834   0.08                     -7.274874904482216E-10   -9.578441493237516E-4    -0.0023092239932361834
-0.0018684953005496385    -0.0027966591848038666   0.08                     -5.32913887385943E-10    -0.0018684953005496385   -0.0027966591848038666
-0.0649518044021882       0.03749991673258768      0.07999999999999999      -3.220319460167324E-12   -0.0649518044021882      0.03749991673258768
-0.06005823430774057      0.031262896327929494     0.08                     -6.16549164062302E-12    -0.06005823430774058     0.031262896327929494
-0.06067628449743351      0.04408387140455927      0.08000000000000002      -3.2195531231966874E-12  -0.06067628449743351     0.04408387140455927
-0.056872862596314466     0.037491346870434046     0.08                     -5.998481396537383E-12   -0.056872862596314466    0.037491346870434046
-9.578465728639037E-4     0.0023092229880180394    0.08000000000000002      -7.266949805963797E-10   -9.578465728639036E-4    0.0023092229880180394
-0.0018613828416395965    0.0027973501744197327    0.08                     -5.329094288540654E-10   -0.0018613828416395965   0.0027973501744197327
0                         -0.0025                  0.08                     -7.271814980404465E-10   0                        -0.0025
-6.520214013644339E-4     -0.003299875416183734    0.08                     -5.323850698030262E-10   -6.520214013644339E-4    -0.003299875416183734
-0.030505208658311148     -0.0685158545617348      0.08                     -3.2221004736397048E-12  -0.030505208658311148    -0.0685158545617348
-0.03154850404440059      -0.060694323521311946    0.08                     -5.884523040461319E-12   -0.03154850404440059     -0.06069432352131194
-0.023176256720120806     -0.07132922749615196     0.08                     -3.221386051907569E-12   -0.023176256720120806    -0.07132922749615196
-0.02512240003044375      -0.06310833875708868     0.07999999999999999      -6.0772520972642045E-12  -0.02512240003044375     -0.06310833875708867
-0.0557357969065981       0.05018470437959347      0.08000000000000002      -3.2235991626360927E-12  -0.0557357969065981      0.05018470437959347
-0.052207944302495285     0.0429609348804333       0.07999999999999999      -6.204034172592177E-12   -0.05220794430249529     0.042960934880433295
-0.050184747272377414     0.05573575828807775      0.08                     -3.2191730616130508E-12  -0.05018474727237741     0.05573575828807775
-0.04767757739597725      0.0484510035649          0.08                     -6.058327541446301E-12   -0.04767757739597725     0.0484510035649
0                         0.0025                   0.08                     -7.264496346834125E-10   0                        0.0025
-6.46656302242421E-4      0.003294805152693786     0.08                     -5.335188276082311E-10   -6.46656302242421E-4     0.003294805152693786
9.578465728639037E-4      -0.0023092229880180394   0.08000000000000002      -7.269196965699831E-10   9.578465728639036E-4     -0.0023092229880180394
6.589812020308394E-4      -0.0033061520571896347   0.08                     -5.314798302104778E-10   6.589812020308394E-4     -0.0033061520571896347
-0.018249731569854283     -0.06608582969478956     0.08                     -5.8250415454448655E-12  -0.018249731569854283    -0.06608582969478956
-0.015593346475658632     -0.07336097335751122     0.08000000000000002      -3.2210224480802977E-12  -0.015593346475658632    -0.07336097335751122
-0.007839626105999796     -0.07458908596708065     0.08                     -3.2221179216803207E-12  -0.007839626105999796    -0.07458908596708065
-0.01177875629493607      -0.06757089968156842     0.08000000000000002      -5.811622936309975E-12   -0.01177875629493607     -0.06757089968156842
-0.04408391809753979      0.06067625057185087      0.07999999999999997      -3.2252420455483127E-12  -0.04408391809753979     0.060676250571850866
-0.04205874099872574      0.052878195380848314     0.08                     -6.223812480564874E-12   -0.042058740998725745    0.052878195380848314
-0.037499966716002406     0.06495177554317576      0.08                     -3.2246839977683065E-12  -0.037499966716002406    0.06495177554317576
-0.036562179396643954     0.057230126616705006     0.08                     -6.086799872943031E-12   -0.03656217939664396     0.057230126616705006
9.578441493237516E-4      0.0023092239932361834    0.08                     -7.271099020981249E-10   9.578441493237516E-4     0.0023092239932361834
6.535406418026746E-4      0.0032793923353141158    0.08                     -5.36395647413481E-10    6.535406418026746E-4     0.0032793923353141158
0.001866831756651574      -0.0027972079205305436   0.07999999999999999      -5.327576149447153E-10   0.001866831756651574     -0.0027972079205305436
0.001766751091613251      -0.0017687822295661695   0.07999999999999999      -7.250010198964278E-10   0.001766751091613251     -0.0017687822295661692
0.0017667487487992236     0.0017687845696807316    0.08                     -7.272953343392815E-10   0.0017667487487992236    0.0017687845696807314
0.0018681807978877842     0.0027961884518435884    0.08000000000000002      -5.331403798037929E-10   0.0018681807978877842    0.0027961884518435884
0.0023081196655058505     9.605023214071416E-4     0.07999999999999999      -7.279282906494998E-10   0.0023081196655058505    9.605023214071416E-4
0.002791255995958728      0.0018695378604727392    0.07999999999999999      -5.334373817396483E-10   0.002791255995958728     0.0018695378604727392
0.002794037572247509      -0.0018713960917849937   0.08000000000000002      -5.329776969734612E-10   0.002794037572247509     -0.0018713960917849937
0.0023081206768985076     -9.604998908774565E-4    0.08                     -7.267700776833826E-10   0.0023081206768985076    -9.604998908774565E-4
0.0033161256362743037     -6.62816362898111E-4     0.08                     -5.281343650244476E-10   0.0033161256362743037    -6.62816362898111E-4
0.0025                    0                        0.08                     -7.287668014094941E-10   0.0025                   0
0.003293860482042235      6.58007364320673E-4      0.08                     -5.334517046152169E-10   0.003293860482042235     6.58007364320673E-4
0                         -0.075                   0.08                     -3.2220382112379724E-12  0                        -0.075
-0.004063334785567857     -0.06827775523356626     0.08                     -5.887550549050717E-12   -0.0040633347855678565   -0.06827775523356626
0.007839467289912918      -0.07458787050279471     0.07999999999999997      -3.22095682837266E-12    0.007839467289912918     -0.07458787050279471
0.0026381266147789866     -0.0682717461506264      0.08                     -5.919700230688854E-12   0.002638126614778986     -0.06827174615062638
-0.030505261385574422     0.06851583108803186      0.07999999999999999      -3.2228323398910706E-12  -0.030505261385574422    0.06851583108803186
-0.030149010037747143     0.06046854360193195      0.08                     -6.222692818605218E-12   -0.030149010037747143    0.06046854360193194
-0.023176311611205702     0.0713292096594843       0.07999999999999997      -3.2227264155347495E-12  -0.023176311611205702    0.0713292096594843
-0.024024112664473327     0.063596703313961        0.08                     -6.056405055331817E-12   -0.024024112664473327    0.063596703313961
0.015593239986274841      -0.07335999609166174     0.07999999999999997      -3.2247554748740653E-12  0.015593239986274841     -0.07335999609166174
0.010080022448412933      -0.06766801427614731     0.07999999999999999      -5.885218557071556E-12   0.010080022448412933     -0.06766801427614731
0.023176311611205702      -0.0713292096594843      0.07999999999999997      -3.223106933204093E-12   0.023176311611205702     -0.0713292096594843
0.01682853565853485       -0.06600694378855984     0.08000000000000002      -6.002426659027692E-12   0.016828535658534847     -0.06600694378855985
-0.015593239986274841     0.07335999609166174      0.07999999999999997      -3.2260817735867734E-12  -0.015593239986274841    0.07335999609166174
-0.017104723116207424     0.06535400196871967      0.08                     -6.229512701558377E-12   -0.017104723116207424    0.06535400196871967
-0.007839467289912918     0.07458787050279471      0.07999999999999997      -3.2234661568955545E-12  -0.007839467289912918    0.07458787050279471
-0.010354785966897932     0.06726369554477687      0.07999999999999999      -6.026940670760244E-12   -0.01035478596689793     0.06726369554477686
0.030505261385574422      -0.06851583108803186     0.07999999999999999      -3.224056759853431E-12   0.030505261385574422     -0.06851583108803186
0.023806373165523694      -0.06418192370546866     0.08                     -5.868703719546994E-12   0.023806373165523694     -0.06418192370546866
0.037499966716002406      -0.06495177554317576     0.08                     -3.224263849137782E-12   0.037499966716002406     -0.06495177554317576
0.030245654926337007      -0.06094117547173201     0.08                     -6.034541343339751E-12   0.030245654926337007     -0.06094117547173201
0                         0.075                    0.08                     -3.226242794568888E-12   0                        0.075
-0.0031292622968578238    0.06761590041341144      0.08                     -6.1745698722288055E-12  -0.0031292622968578238   0.06761590041341144
0.007839626105999796      0.07458908596708065      0.08                     -3.224998317679782E-12   0.007839626105999796     0.07458908596708065
0.003743324701642174      0.06790418902061891      0.08                     -6.049881023999848E-12   0.003743324701642174     0.06790418902061891
0.04408391809753979       -0.06067625057185087     0.07999999999999997      -3.2249752140223822E-12  0.04408391809753979      -0.060676250571850866
0.036798779223027676      -0.05747000369971399     0.08                     -5.949387404447951E-12   0.036798779223027676     -0.057470003699713994
0.015593346475658632      0.07336097335751122      0.08000000000000002      -3.224856690773807E-12   0.015593346475658632     0.07336097335751122
0.010857304191645392      0.0668224770605861       0.08000000000000002      -6.172067764146779E-12   0.010857304191645392     0.0668224770605861
0.023176256720120806      0.07132922749615196      0.08                     -3.2265107456871835E-12  0.023176256720120806     0.07132922749615196
0.017894598533679806      0.06561815671715887      0.08                     -6.044568839896597E-12   0.017894598533679806     0.06561815671715887
0.050184747272377414      -0.05573575828807775     0.08                     -3.220634718063233E-12   0.05018474727237741      -0.05573575828807775
0.04217624349588161       -0.05322742485618079     0.08                     -6.083071751335034E-12   0.04217624349588161      -0.053227424856180795
0.030505208658311148      0.0685158545617348       0.08                     -3.225692512259511E-12   0.030505208658311148     0.0685158545617348
0.02451081060550131       0.0630001703150809       0.08                     -6.2105348767225234E-12  0.02451081060550131      0.06300017031508089
0.03749991673258768       0.0649518044021882       0.07999999999999999      -3.2280260954155014E-12  0.03749991673258768      0.0649518044021882
0.03121947548823511       0.060384938659655635     0.08                     -6.0599320697465444E-12  0.031219475488235112     0.06038493865965564
0.0557357969065981        -0.05018470437959347     0.08000000000000002      -3.2198684817793162E-12  0.0557357969065981       -0.05018470437959347
0.047946689920456365      -0.04801238211538378     0.07999999999999999      -6.1082554678675236E-12  0.047946689920456365     -0.04801238211538378
0.04408387140455927       0.06067628449743351      0.08000000000000002      -3.2269591842689317E-12  0.04408387140455927      0.06067628449743351
0.03724598673642469       0.05638746233669706      0.08                     -6.220803586181484E-12   0.03724598673642469      0.05638746233669706
0.06067628449743351       -0.04408387140455927     0.08000000000000002      -3.2239230835815162E-12  0.06067628449743351      -0.04408387140455927
0.05178550301942253       -0.04294136307433348     0.08                     -6.3430024407597234E-12  0.05178550301942253      -0.04294136307433349
0.05018470437959347       0.0557357969065981       0.08000000000000002      -3.223806555132068E-12   0.05018470437959347      0.0557357969065981
0.04303718032024584       0.05245692366317019      0.08000000000000002      -6.109486606871159E-12   0.04303718032024584      0.05245692366317018
0.0649518044021882        -0.03749991673258768     0.07999999999999999      -3.2252350981507498E-12  0.0649518044021882       -0.03749991673258768
0.056450293880572544      -0.037111591069129854    0.08                     -6.2287145138145925E-12  0.056450293880572544     -0.03711159106912986
0.05573575828807775       0.050184747272377414     0.08                     -3.2235757989570855E-12  0.05573575828807775      0.05018474727237741
0.048086088243356986      0.047103745509609184     0.08                     -6.3282440144784226E-12  0.04808608824335698      0.047103745509609184
0.0685158545617348        -0.030505208658311148    0.08                     -3.2226203508638904E-12  0.0685158545617348       -0.030505208658311148
0.059878544632972756      -0.031170203292119843    0.08                     -6.248289687176337E-12   0.059878544632972756     -0.03117020329211984
0.06067625057185087       0.04408391809753979      0.07999999999999997      -3.224803379738951E-12   0.060676250571850866     0.04408391809753979
0.05288064061557189       0.042110267712100066     0.08                     -6.211662788653073E-12   0.0528806406155719       0.04211026771210007
0.07132922749615196       -0.023176256720120806    0.08                     -3.2251367612226387E-12  0.07132922749615196      -0.023176256720120806
0.06322816865524793       -0.024153536133342285    0.08                     -6.177917016642097E-12   0.06322816865524793      -0.024153536133342285
0.06495177554317576       0.037499966716002406     0.08                     -3.229685390975346E-12   0.06495177554317576      0.037499966716002406
0.05699126054058512       0.03610658648199695      0.08                     -6.268497278672538E-12   0.05699126054058512      0.036106586481996945
0.07336097335751122       -0.015593346475658632    0.08000000000000002      -3.2247474929756373E-12  0.07336097335751122      -0.015593346475658632
0.06511477163770714       -0.01820499068400387     0.08                     -6.2078079264222046E-12  0.06511477163770714      -0.01820499068400387
0.06851583108803186       0.030505261385574422     0.07999999999999999      -3.227970761814084E-12   0.06851583108803186      0.030505261385574422
0.06060355738646208       0.03013693812195726      0.08                     -6.181026469764571E-12   0.06060355738646208      0.030136938121957255
0.07458908596708065       -0.007839626105999796    0.08                     -3.224660624091542E-12   0.07458908596708065      -0.007839626105999796
0.06702772975166021       -0.011080447372733261    0.08                     -6.076437662918874E-12   0.06702772975166021      -0.011080447372733261
0.0713292096594843        0.023176311611205702     0.07999999999999997      -3.226090683044638E-12   0.0713292096594843       0.023176311611205702
0.06366709208420142       0.023601781902054753     0.08                     -6.091037756705201E-12   0.06366709208420142      0.023601781902054753
0.075                     0                        0.08                     -3.2232215642757853E-12  0.075                    0
0.06752031980637269       -0.004119181658263443    0.08000000000000002      -6.194782606909914E-12   0.06752031980637269      -0.004119181658263443
0.07335999609166174       0.015593239986274841     0.07999999999999997      -3.2244330611284606E-12  0.07335999609166174      0.015593239986274841
0.06558309619869726       0.01676435614671304      0.08                     -6.175242888950978E-12   0.06558309619869727      0.01676435614671304
0.07458787050279471       0.007839467289912918     0.07999999999999997      -3.223202187581429E-12   0.07458787050279471      0.007839467289912918
0.06774974225465709       0.0029702586735097514    0.08                     -6.12797302596642E-12    0.06774974225465709      0.0029702586735097514
0.06683425319108038       0.00983386784909536      0.08                     -6.232471830962335E-12   0.06683425319108038      0.00983386784909536
-0.0018704684830313997    3.9026274795522114E-4    0.08000000000000002      -9.657991439355866E-10   -0.0018704684830313997   3.9026274795522114E-4
-0.001930431351216837     -4.4015162104931826E-4   0.08000000000000002      -9.293974305219722E-10   -0.0019304313512168371   -4.401516210493183E-4
-0.00154955684007764      -0.0012087121107997446   0.08                     -9.360766299917218E-10   -0.00154955684007764     -0.0012087121107997448
-0.0016557082755273638    9.664603398009397E-4     0.08                     -9.627309258250861E-10   -0.0016557082755273638   9.664603398009397E-4
-0.0010324444131823698    -0.0015653484770653536   0.08                     -9.818512194777787E-10   -0.0010324444131823698   -0.0015653484770653536
-0.0012749255318848535    0.00147260227009571      0.08                     -9.458330131741683E-10   -0.0012749255318848535   0.0014726022700957098
-3.952652918166205E-4     -0.001815474799602815    0.08                     -9.949353440754655E-10   -3.952652918166205E-4    -0.0018154747996028152
-2.641866474860009E-4     0.0018310654220324947    0.08000000000000002      -9.989012295525942E-10   -2.64186647486001E-4     0.0018310654220324949
2.3969922409124443E-4     -0.0019490062919919672   0.07999999999999999      -9.40833121519622E-10    2.396992240912444E-4     -0.001949006291991967
3.6797083813820165E-4     0.0017713812038689034    0.08                     -1.022246351770253E-9    3.6797083813820165E-4    0.0017713812038689034
0.0010444344776101698     0.0015642246120875407    0.08000000000000002      -9.834209775387987E-10   0.0010444344776101698    0.0015642246120875405
0.0010823327928344232     -0.001625171353821122    0.08000000000000002      -9.432929718525483E-10   0.0010823327928344232    -0.0016251713538211218
0.001565108311571609      -0.001245640519477596    0.07999999999999999      -9.204173575803571E-10   0.001565108311571609     -0.0012456405194775958
0.001836919567530756      -3.669520801701696E-4    0.07999999999999999      -9.861325261296268E-10   0.001836919567530756     -3.6695208017016964E-4
0.001910405843414783      4.6937056744084603E-4    0.08                     -9.372838098843063E-10   0.001910405843414783     4.693705674408461E-4
0.0015330092632080668     0.001244523596065487     0.08                     -9.347997768710005E-10   0.0015330092632080668    0.001244523596065487
-0.061849432173155805     -0.01292742446587767     0.08000000000000002      -7.992746914941855E-12   -0.061849432173155805    -0.012927424465877668
-0.058189720988331944     -0.018803397911786326    0.08                     -8.851110284465506E-12   -0.05818972098833195     -0.018803397911786326
-0.05781647421163701      -0.025641086124127216    0.08000000000000002      -7.974563809495691E-12   -0.05781647421163701     -0.025641086124127216
-0.05271662347896658      -0.010806773565121386    0.08                     -1.2307386554781376E-11  -0.052716623478966565    -0.010806773565121386
-0.06097192214773036      -0.006395120385868938    0.08                     -8.79601646837498E-12    -0.06097192214773036     -0.006395120385868938
-0.06304890265163979      1.9590061260732483E-4    0.08000000000000002      -8.06028484189762E-12    -0.06304890265163979     1.9590061260732483E-4
-0.004446764159852741     8.593258634094492E-6     0.08                     -3.948421233243292E-10   -0.004446764159852741    8.593258634094492E-6
-0.043739166416798335     -0.012334470612443402    0.08                     -1.7596181620261568E-11  -0.043739166416798335    -0.012334470612443402
-0.045541268711248445     -0.003220594143638532    0.08                     -1.7435910364583278E-11  -0.045541268711248445    -0.003220594143638532
-0.04930508709791369      -0.021837199550984565    0.08                     -1.2241209254798697E-11  -0.049305087097913695    -0.021837199550984565
-0.05295149963159015      -0.030601976396920923    0.08                     -8.847606918907976E-12   -0.05295149963159015     -0.03060197639692092
-0.0511576588241453       -0.03680625310514096     0.08000000000000002      -8.061896728509084E-12   -0.0511576588241453      -0.03680625310514096
-0.03805103291454907      -0.006009294057011463    0.08                     -2.4002032486821357E-11  -0.03805103291454907     -0.006009294057011463
-0.0381723950360543       0.0019016607792264953    0.08                     -2.4351645839730107E-11  -0.0381723950360543      0.0019016607792264953
-0.03265112491417031      -0.0016380497333738087   0.08                     -3.1884642151122145E-11  -0.03265112491417031     -0.0016380497333738087
-0.03570793874938018      -0.013768002275328504    0.08                     -2.4307055466680697E-11  -0.03570793874938017     -0.013768002275328506
-0.06083327481913153      0.006399321511142322     0.08                     -8.846179523735576E-12   -0.06083327481913153     0.006399321511142322
-0.0540582786134927       2.283574153839757E-4     0.08                     -1.2177602564282683E-11  -0.05405827861349271     2.283574153839757E-4
-0.06137063967066717      0.013447462676899127     0.08                     -8.143614271175768E-12   -0.06137063967066717     0.013447462676899127
-0.045294162648484945     0.005820705453488069     0.07999999999999999      -1.742261095915505E-11   -0.04529416264848495     0.005820705453488069
-0.03694975351990369      0.010088393544458597     0.08                     -2.4280192279805475E-11  -0.0369497535199037      0.010088393544458597
-0.030933434321291847     0.004675458051724535     0.07999999999999999      -3.436217104982927E-11   -0.030933434321291847    0.004675458051724535
-0.004169767143325967     0.0017364224204096529    0.07999999999999999      -3.8899713286434633E-10  -0.004169767143325967    0.0017364224204096529
-0.005921970551215693     0.0012201022723261415    0.08                     -2.8361927214272385E-10  -0.005921970551215693    0.0012201022723261415
-0.004171187496754068     -0.0017091042713434298   0.08000000000000002      -3.893996947560288E-10   -0.004171187496754068    -0.0017091042713434298
-0.0058909712028970725    -0.0011657303706729613   0.08                     -2.8562653963409735E-10  -0.0058909712028970725   -0.0011657303706729613
-0.00811965972773561      2.4304345310040276E-5    0.08                     -2.041551424840866E-10   -0.00811965972773561     2.4304345310040276E-5
-0.04024701719325324      -0.021677451562761567    0.08                     -1.739271469268775E-11   -0.04024701719325324     -0.02167745156276157
-0.043943624921930366     -0.03152244185389572     0.08                     -1.2156711710475566E-11  -0.04394362492193037     -0.03152244185389572
-0.04540481861048875      -0.040816515472523775    0.08                     -8.894461229209185E-12   -0.04540481861048875     -0.040816515472523775
-0.04260583755192269      -0.04632187138678044     0.08                     -8.102004888812135E-12   -0.04260583755192269     -0.04632187138678044
-0.031991571858035237     -0.020804312736365967    0.08                     -2.4406136294925007E-11  -0.03199157185803524     -0.020804312736365963
-0.02572554177908919      -9.552850754562525E-4    0.08                     -4.6524693305388994E-11  -0.025725541779089194    -9.552850754562525E-4
-0.03033254287312944      -0.007814731450304924    0.08000000000000002      -3.4280343234324785E-11  -0.030332542873129444    -0.007814731450304924
-0.029302958617107352     -0.014615247861301812    0.08                     -3.184634959550371E-11   -0.02930295861710735     -0.01461524786130181
-0.05276145299836114      0.011641975150619363     0.08                     -1.218725940274708E-11   -0.052761452998361144    0.011641975150619363
-0.058111987951228336     0.018874296996629472     0.08000000000000002      -8.874191566599244E-12   -0.05811198795122834     0.018874296996629472
-0.05708481640836694      0.026086753469139662     0.08000000000000002      -8.175402263604033E-12   -0.05708481640836695     0.026086753469139662
-0.04269601978152339      0.01519770155680912      0.08000000000000002      -1.769565040006483E-11   -0.04269601978152338     0.01519770155680912
-0.03403691311072071      0.017345439742109843     0.08                     -2.4381495878413893E-11  -0.03403691311072071     0.01734543974210984
-0.03050340572485916      0.01167831660974493      0.08000000000000002      -3.193380065025163E-11   -0.030503405724859163    0.01167831660974493
-0.01826594163496569      0.0015248373941071647    0.07999999999999999      -7.544166388717868E-11   -0.01826594163496569     0.0015248373941071647
-0.018415044152639816     -0.003880535145413859    0.08                     -7.264737913298321E-11   -0.018415044152639812    -0.003880535145413859
-0.014517715271631312     -4.326003740779544E-5    0.08                     -1.0229458605572381E-10  -0.014517715271631313    -4.326003740779544E-5
-0.026123845536427003     0.01688681408712655      0.08                     -3.4595503651265156E-11  -0.026123845536427003    0.016886814087126552
-0.022539620379161723     0.008673881413112199     0.08                     -5.122696317884303E-11   -0.02253962037916172     0.008673881413112199
-0.010807511231913744     0.0021779279855860603    0.08                     -1.4283921698815444E-10  -0.010807511231913744    0.0021779279855860603
-0.01075172049552249      -0.0021003492584859146   0.07999999999999999      -1.4408686339646112E-10  -0.01075172049552249     -0.0021003492584859146
-0.007559687455054181     0.0031452687599962115    0.08                     -2.0235587005581538E-10  -0.007559687455054182    0.0031452687599962115
-0.005039405598744152     0.003383238699203678     0.08000000000000002      -2.8214777059714426E-10  -0.005039405598744152    0.003383238699203678
-0.003179040056765156     0.0031899189726669955    0.08                     -3.901147236006142E-10   -0.003179040056765156    0.0031899189726669955
-0.0075172527722565455    -0.00310190821581377     0.08                     -2.0373399642453815E-10  -0.0075172527722565455   -0.00310190821581377
-0.0032364830695075196    -0.003199720742895429    0.08000000000000002      -3.862034659104089E-10   -0.0032364830695075196   -0.003199720742895429
-0.005082265493445485     -0.003353382529476534    0.08                     -2.812419353013074E-10   -0.005082265493445485    -0.003353382529476534
-0.03498573145882626      -0.029372069663010272    0.08                     -1.7415430930937332E-11  -0.03498573145882627     -0.02937206966301027
-0.03689014453668821      -0.03996410397743355     0.08                     -1.2003559007358148E-11  -0.03689014453668821     -0.03996410397743355
-0.03609515590830316      -0.04946800635904913     0.07999999999999999      -8.815110617418396E-12   -0.03609515590830315     -0.04946800635904913
-0.03209412843444017      -0.054002369273397466    0.07999999999999999      -8.147730155208347E-12   -0.03209412843444017     -0.054002369273397466
-0.02684847182930611      -0.026798864313414078    0.08000000000000002      -2.4668591486142604E-11  -0.02684847182930611     -0.026798864313414078
-0.02423657311239006      -0.01875201537508428     0.08                     -3.544640094989787E-11   -0.024236573112390056    -0.01875201537508428
-0.02296787420482332      -0.010311999195629813    0.08000000000000002      -4.8112641149322045E-11  -0.02296787420482332     -0.010311999195629815
-0.013571565950089137     -0.0054092058956454955   0.08                     -1.0127872736378744E-10  -0.013571565950089138    -0.0054092058956454955
-0.016638588722166888     -0.010187457305869209    0.08000000000000002      -6.938324816015287E-11   -0.016638588722166888    -0.010187457305869209
-0.00174709280989448      -0.004171925888151712    0.08                     -3.886488895965884E-10   -0.00174709280989448     -0.004171925888151712
-0.009297921060361373     -0.0060645536588382065   0.08                     -1.417184998053668E-10   -0.009297921060361371    -0.0060645536588382065
-0.04896271919296212      0.02268123267681158      0.08                     -1.2224940205305318E-11  -0.04896271919296213     0.022681232676811578
-0.05289393150241309      0.030568587667104692     0.08000000000000002      -8.87592422664715E-12    -0.05289393150241308     0.03056858766710469
-0.05038506032801425      0.03739422161097685      0.08                     -8.18156065730547E-12    -0.05038506032801425     0.03739422161097685
-0.03871928622027228      0.024032629898013823     0.08                     -1.7498029698917793E-11  -0.03871928622027227     0.024032629898013826
-0.02979476601081731      0.023741209549464598     0.08                     -2.450099672627996E-11   -0.02979476601081731     0.023741209549464598
-0.02339728064646301      0.0227068108030306       0.08000000000000002      -3.2046262380044206E-11  -0.02339728064646301     0.0227068108030306
-0.014483823172595972     0.005895455879017859     0.08000000000000002      -9.268145375012026E-11   -0.014483823172595972    0.005895455879017859
-0.0190767129761911       0.017497461609848622     0.08                     -4.6130444135007855E-11  -0.0190767129761911      0.017497461609848622
-0.014932193854074908     0.01165051850347154      0.08                     -7.208675086520851E-11   -0.014932193854074908    0.01165051850347154
-0.009240738935980115     0.006179726501071972     0.08                     -1.4174018594083457E-10  -0.009240738935980113    0.006179726501071972
-0.005774570378241573     0.0058399565200693004    0.08                     -2.0086609462259743E-10  -0.005774570378241573    0.0058399565200693004
-0.0033522125065763714    0.005034034766935015     0.08000000000000002      -2.8346882104978734E-10  -0.0033522125065763714   0.005034034766935015
-0.0017230181010293166    0.004167507231159842     0.07999999999999999      -3.896684619712993E-10   -0.0017230181010293166   0.004167507231159842
-0.005899271052445084     -0.005784724473486325    0.08                     -1.9975564283016802E-10  -0.005899271052445084    -0.005784724473486325
-0.0034659671784405474    -0.005074967077420688    0.08                     -2.7815675755429627E-10  -0.0034659671784405474   -0.005074967077420688
-1.3962215252263238E-5    -0.0045606253096452595   0.08                     -3.8474951288874867E-10  -1.3962215252263238E-5   -0.0045606253096452595
-0.02826131720142052      -0.03613875002316251     0.08                     -1.7270830827766062E-11  -0.028261317201420524    -0.03613875002316252
-0.028066913207797826     -0.046575666928623576    0.08000000000000002      -1.2005801415781858E-11  -0.02806691320779783     -0.046575666928623576
-0.024992758467767738     -0.055933681359025975    0.08                     -8.806640129668173E-12   -0.02499275846776774     -0.05593368135902598
-0.020234901519646378     -0.05938600571206373     0.08                     -8.186681235095053E-12   -0.020234901519646378    -0.05938600571206374
-0.020770782814587278     -0.03214875831192093     0.08                     -2.4290262684638543E-11  -0.020770782814587278    -0.03214875831192093
-0.019477457905505095     -0.024125793452923205    0.08                     -3.478829476805694E-11   -0.019477457905505095    -0.024125793452923205
-0.018189289772025104     -0.016710753814550304    0.08                     -4.950549130427101E-11   -0.018189289772025104    -0.016710753814550307
-0.011087003107798789     -0.010344182757265542    0.08                     -9.66003416380838E-11    -0.011087003107798789    -0.010344182757265542
-0.012674145969853943     -0.0149507485912075      0.08                     -6.868209141116796E-11   -0.012674145969853943    -0.0149507485912075
-0.0012098213391743898    -0.006024767723534545    0.08                     -2.7779921365907827E-10  -0.0012098213391743898   -0.006024767723534545
-0.006479060694523902     -0.009294500912596836    0.08                     -1.382270048959855E-10   -0.006479060694523903    -0.009294500912596836
-0.04347303834285879      0.032595863302521635     0.07999999999999999      -1.2024417908409695E-11  -0.043473038342858795    0.03259586330252163
-0.04552727112403498      0.040765947998125635     0.08                     -8.872143622222972E-12   -0.04552727112403498     0.040765947998125635
-0.04146667985002833      0.04701249927768761      0.08000000000000002      -8.204555153884087E-12   -0.04146667985002833     0.04701249927768761
-0.032730600479199366     0.031470366558068036     0.08000000000000002      -1.7627651479903973E-11  -0.032730600479199366    0.031470366558068036
-0.024231381269878945     0.029425705328894207     0.08                     -2.447843185237732E-11   -0.024231381269878945    0.02942570532889421
-0.017633697976094875     0.025205927370227352     0.08                     -3.5220394954796315E-11  -0.017633697976094875    0.025205927370227355
-0.012820672036728518     0.021523381626210814     0.08                     -4.848187305938053E-11   -0.012820672036728518    0.021523381626210814
-0.010586804215753566     0.010773035680992873     0.08                     -9.690464661765909E-11   -0.010586804215753566    0.010773035680992873
-0.011752231571408818     0.016128086821543236     0.08000000000000002      -6.720216871161064E-11   -0.011752231571408818    0.016128086821543236
-0.006163101391087042     0.009300829565894092     0.08                     -1.409474381274217E-10   -0.006163101391087042    0.009300829565894092
-0.0030567505297110532    0.0075579241252809945    0.08                     -2.0288831954539229E-10  -0.0030567505297110532   0.0075579241252809945
-2.037691074596726E-6     0.00450118011476143      0.08                     -3.903748155329229E-10   -2.037691074596726E-6    0.00450118011476143
-0.0011870759856992194    0.005957891331159849     0.08                     -2.819532773953123E-10   -0.0011870759856992194   0.005957891331159849
0.0017382154632224651     -0.004219603722493991    0.08                     -3.8480496262863096E-10  0.0017382154632224651    -0.004219603722493991
-0.003298618960629187     -0.007704569625194953    0.08                     -1.967746452896665E-10   -0.003298618960629187    -0.007704569625194953
0.0011774149631214627     -0.006058829498004348    0.08                     -2.7716349540083255E-10  0.0011774149631214627    -0.006058829498004348
-0.02049247683135034      -0.041135799884997964    0.08                     -1.7207641542176343E-11  -0.020492476831350335    -0.041135799884997964
-0.013929862383335717     -0.03589411218481552     0.08                     -2.4047874986893292E-11  -0.013929862383335717    -0.03589411218481552
-0.017924317565606262     -0.051455702324914025    0.07999999999999999      -1.195206032270196E-11   -0.017924317565606262    -0.051455702324914025
-0.013191218441112897     -0.05983276077932639     0.08                     -8.801920424028724E-12   -0.013191218441112899    -0.05983276077932639
-0.007368917139136093     -0.06248687372350377     0.08                     -8.10814538961741E-12    -0.007368917139136092    -0.06248687372350377
-0.014221634810794238     -0.02843772506281763     0.08                     -3.338273326611702E-11   -0.014221634810794236    -0.028437725062817634
-0.013387199019017386     -0.02128935869311295     0.08                     -4.818130586543938E-11   -0.013387199019017386    -0.02128935869311295
-0.00880752360325924      -0.01881270125441515     0.07999999999999999      -6.36008644645933E-11    -0.00880752360325924     -0.01881270125441515
-0.008883312367611878     -0.03142018846767296     0.08                     -3.1957025660063595E-11  -0.008883312367611878    -0.03142018846767296
-0.006606735105081047     -0.014511881888456792    0.08000000000000002      -9.061406975256176E-11   -0.006606735105081045    -0.014511881888456788
-7.751603641696983E-5     -0.00837751982763607     0.08                     -1.9652222797625118E-10  -7.751603641696983E-5    -0.00837751982763607
-0.0025408110610902687    -0.011118918533674152    0.08000000000000002      -1.3759288071919148E-10  -0.0025408110610902687   -0.011118918533674152
-0.03579878743990603      0.04073790667726858      0.08                     -1.2092342703027961E-11  -0.03579878743990602     0.04073790667726857
-0.036033433760287864     0.049225646937160576     0.08                     -8.916034750473156E-12   -0.036033433760287864    0.049225646937160576
-0.030823110632667114     0.05460855085981177      0.08                     -8.195887041960776E-12   -0.030823110632667117    0.05460855085981177
-0.025367811731093697     0.037435013870652456     0.08                     -1.7774488652002645E-11  -0.0253678117310937      0.037435013870652456
-0.017383476012699264     0.033172679378143693     0.08                     -2.5245527482879442E-11  -0.017383476012699264    0.033172679378143693
-0.010383045778800344     0.027657313371889924     0.08000000000000002      -3.756092313712602E-11   -0.010383045778800346    0.027657313371889924
-0.006972287820142534     0.021071429389474206     0.08                     -5.7888585254299286E-11  -0.0069722878201425335   0.021071429389474206
0.0017199346921228827     0.0041573884576852835    0.07999999999999999      -3.914096078207214E-10   0.0017199346921228827    0.0041573884576852835
-0.005870226702080528     0.014695373989118889     0.07999999999999999      -9.152979882468963E-11   -0.005870226702080529    0.014695373989118885
-0.0021210522037612457    0.010933744690184127     0.08                     -1.4101554340450682E-10  -0.0021210522037612457   0.010933744690184127
2.0184917133722613E-5     0.00815978849887291      0.08                     -2.0283579050522988E-10  2.0184917133722613E-5    0.00815978849887291
0.001181937288532716      0.0059381024390011555    0.07999999999999999      -2.832462969607357E-10   0.001181937288532716     0.0059381024390011555
0.003234134315641405      -0.0032240200174164582   0.08                     -3.8411763174839393E-10  0.003234134315641405     -0.0032240200174164582
0.003190670220311196      0.003207687149049031     0.08                     -3.888022620604934E-10   0.003190670220311196     0.003207687149049031
0.004188453526601091      0.0017401049452746079    0.08000000000000002      -3.8661604652069397E-10  0.004188453526601091     0.0017401049452746079
0.004233812720873285      -0.0017285734359623953   0.08                     -3.8374132200794516E-10  0.004233812720873285     -0.0017285734359623953
0.004522047431638143      -2.6514777749994667E-6   0.08000000000000002      -3.882044732973734E-10   0.004522047431638143     -2.6514777749994667E-6
0.0034410734525029373     -0.005186200194783767    0.08000000000000002      -2.743058323910326E-10   0.0034410734525029373    -0.005186200194783767
0.003205199415447134      -0.007828415755632187    0.08                     -1.94744885426096E-10    0.003205199415447134     -0.007828415755632187
-0.011455227260719555     -0.04421911599272163     0.08                     -1.7413520590185455E-11  -0.011455227260719555    -0.04421911599272163
-0.0061377354445734875    -0.03759043737237412     0.08                     -2.451932701197132E-11   -0.0061377354445734875   -0.037590437372374115
-7.320410849964111E-4     -0.06125668223967995     0.08000000000000002      -8.815680402014208E-12   -7.320410849964111E-4    -0.06125668223967995
-0.006754408999061501     -0.05401631368675927     0.08                     -1.1973252307637257E-11  -0.006754408999061502    -0.054016313686759285
0.005665515747191157      -0.06275559734033487     0.08                     -8.06539058637793E-12    0.005665515747191157     -0.06275559734033487
-0.007717115307374232     -0.025049981102672342    0.08                     -4.530987438200036E-11   -0.007717115307374233    -0.025049981102672342
-0.0035195107838789028    -0.019825916380188005    0.08                     -6.628631589907048E-11   -0.0035195107838789028   -0.019825916380188005
-0.0023834003660768554    -0.03067898049723481     0.08                     -3.523733782173956E-11   -0.0023834003660768554   -0.030678980497234807
-4.4274749565316115E-4    -0.015466459747035477    0.08                     -9.432634552111362E-11   -4.4274749565316115E-4   -0.015466459747035477
0.0020425428370161973     -0.011440478702528636    0.08000000000000002      -1.341395057404753E-10   0.0020425428370161973    -0.011440478702528636
-0.026449390976510057     0.04704998042063748      0.07999999999999999      -1.2216286218795359E-11  -0.026449390976510057    0.047049980420637474
-0.024782476740590993     0.05565817772574311      0.08                     -8.95411951966374E-12    -0.024782476740590993    0.05565817772574311
-0.01884254106824664      0.05983305571225202      0.08                     -8.188652555286942E-12   -0.01884254106824664     0.05983305571225202
-0.01707202592966545      0.04169986842717677      0.08                     -1.7901976434828648E-11  -0.01707202592966545     0.04169986842717677
-0.009991581418307641     0.03611441841115709      0.08                     -2.523874496484175E-11   -0.00999158141830764     0.03611441841115709
-0.004517409192751069     0.031589857696035284     0.07999999999999999      -3.3197756413566586E-11  -0.004517409192751069    0.031589857696035284
-0.0030665667299713158    0.025979030356061056     0.08                     -4.544990613202038E-11   -0.0030665667299713158   0.025979030356061056
-0.0016466240444241859    0.020262161282615467     0.08                     -6.531981457733226E-11   -0.0016466240444241859   0.020262161282615463
0.0033718755615658666     0.005048558876377826     0.08                     -2.8208349389056937E-10  0.0033718755615658666    0.005048558876377826
1.5286938768635516E-4     0.0150244627638179       0.07999999999999999      -9.773653063370635E-11   1.5286938768635516E-4    0.0150244627638179
0.0022717183113458404     0.010988483802433002     0.08000000000000002      -1.4018494758408975E-10  0.0022717183113458404    0.010988483802433002
0.003140353093536861      0.007560448544899005     0.08                     -2.0175390239129876E-10  0.003140353093536861     0.007560448544899005
0.005144287859688155      -0.003439688438481109    0.08000000000000002      -2.761612253548413E-10   0.005144287859688155     -0.003439688438481109
0.005069048456298814      0.0034016860735930216    0.08                     -2.796463514478556E-10   0.005069048456298814     0.0034016860735930216
0.006023739239386379      0.0012104127336246967    0.08                     -2.787848714754417E-10   0.006023739239386379     0.0012104127336246967
0.0060457922347071855     -0.001228318068163023    0.08                     -2.768253548750038E-10   0.0060457922347071855    -0.001228318068163023
0.005920765524084496      -0.005979964334814937    0.08                     -1.9563401089590873E-10  0.005920765524084496     -0.005979964334814937
0.006294471525369046      -0.009821023168004255    0.08000000000000002      -1.3332762946794322E-10  0.006294471525369047     -0.009821023168004255
-0.001980675551500513     -0.04561678885671154     0.08                     -1.743370485720184E-11   -0.001980675551500513    -0.04561678885671155
0.001486442559356328      -0.03780844568000981     0.08000000000000002      -2.4792907503562978E-11  0.001486442559356328     -0.0378084456800098
0.004673601325978632      -0.05407767861419459     0.07999999999999999      -1.2050622897527188E-11  0.004673601325978632     -0.054077678614194595
0.011918859588976535      -0.06012511102606704     0.08                     -8.791248316274289E-12   0.011918859588976536     -0.06012511102606704
0.018515224892456196      -0.06032192582384954     0.08                     -8.034877410235127E-12   0.018515224892456196     -0.06032192582384954
0.0016788674713214286     -0.01978116235671789     0.08                     -6.773212842365692E-11   0.0016788674713214286    -0.01978116235671789
1.438546682128814E-4      -0.025246478285287227    0.08000000000000002      -4.787878892822145E-11   1.438546682128814E-4     -0.025246478285287227
0.004386927334351479      -0.030916522756033127    0.08                     -3.4380653356427264E-11  0.004386927334351479     -0.030916522756033127
0.005988153802227137      -0.015905351994811787    0.07999999999999999      -8.31999242445658E-11    0.005988153802227136     -0.015905351994811787
-0.01602774094920769      0.05153108281030797      0.08                     -1.2214991678803364E-11  -0.016027740949207694    0.05153108281030798
-0.01266138218649807      0.0596367643924797       0.08                     -8.936721593385605E-12   -0.012661382186498068    0.0596367643924797
-0.006126468271149436     0.06258523387073958      0.07999999999999999      -8.128211949166522E-12   -0.006126468271149436    0.06258523387073958
-0.008501001819457753     0.043906147674916164     0.08                     -1.8145280129114608E-11  -0.008501001819457753    0.043906147674916164
-0.002369367708261648     0.037414115174949636     0.08                     -2.521311805952708E-11   -0.002369367708261648    0.037414115174949636
0.0012537631773793384     0.031333977810221195     0.08                     -3.412907944723224E-11   0.0012537631773793384    0.03133397781022119
0.0026859855264278337     0.024386638600759125     0.08                     -5.002275301741121E-11   0.0026859855264278337    0.024386638600759125
0.0029639295711344563     0.019019415274588204     0.08                     -7.056944270165974E-11   0.0029639295711344563    0.019019415274588204
0.005843721438947364      0.005821135421565413     0.08                     -2.005303006132316E-10   0.005843721438947364     0.005821135421565413
0.006263696958265761      0.015017391753747111     0.08                     -8.818823916596764E-11   0.006263696958265759     0.015017391753747111
0.006372863246161802      0.009277077380990081     0.08                     -1.3936801341922851E-10  0.006372863246161803     0.009277077380990081
0.00777191113926998       -0.003261012308268134    0.08                     -1.9546046468049063E-10  0.0077719111392699795    -0.003261012308268134
0.00839927950959507       -7.744891094188522E-6    0.08                     -1.9630279776018735E-10  0.00839927950959507      -7.744891094188522E-6
0.007630795390710394      0.0031416922038041556    0.08                     -2.000571355132388E-10   0.007630795390710393     0.0031416922038041556
0.0109910355722307        -0.011602552711012161    0.08                     -9.037459936490135E-11   0.010991035572230702     -0.011602552711012161
0.00954224980351984       -0.00658101786139928     0.08                     -1.348982971758132E-10   0.009542249803519838     -0.00658101786139928
0.007527101890728992      -0.04490055308762929     0.07999999999999999      -1.752895227609569E-11   0.007527101890728992     -0.044900553087629295
0.009597308346718418      -0.03663947671173559     0.08                     -2.4766586966791632E-11  0.009597308346718418     -0.03663947671173559
0.015721323236321638      -0.052170486341645894    0.07999999999999999      -1.1946490439153041E-11  0.015721323236321638     -0.052170486341645894
0.024181392478589435      -0.056381805684958416    0.08                     -8.771329556486444E-12   0.02418139247858944      -0.05638180568495842
0.030717325500234087      -0.05479155476741956     0.08                     -8.154532568373791E-12   0.030717325500234087     -0.05479155476741956
0.007395462828830777      -0.023358583969631176    0.08                     -5.00965005719364E-11    0.007395462828830775     -0.023358583969631173
0.010833177022033399      -0.0300236300749954      0.08                     -3.315459454538556E-11   0.010833177022033399     -0.0300236300749954
0.0121179202289685        -0.017925362434829346    0.08                     -5.992463629537003E-11   0.0121179202289685       -0.017925362434829343
-0.005040409247394392     0.05351801834095493      0.08                     -1.233173744807329E-11   -0.005040409247394392    0.05351801834095493
2.6855309512626574E-4     0.060950850625783384     0.08                     -8.940094784705338E-12   2.6855309512626574E-4    0.06095085062578338
0.006920361800370457      0.06253170406915844      0.08                     -8.11419028094692E-12    0.006920361800370457     0.06253170406915844
0.0010559565759566923     0.04480190423832878      0.08                     -1.8089165533688574E-11  0.0010559565759566923    0.04480190423832878
0.005661029823979997      0.036892423222958486     0.08                     -2.540389070845871E-11   0.005661029823979997     0.036892423222958486
0.008059156346219048      0.029160270130843748     0.08                     -3.621454538259735E-11   0.00805915634621905      0.029160270130843744
0.008719094663869977      0.021269691321482556     0.08                     -5.503142251370756E-11   0.008719094663869977     0.02126969132148256
0.011220603729147401      0.015806141113109157     0.08000000000000002      -6.99367545247846E-11    0.011220603729147401     0.015806141113109157
0.009266268062312753      0.006089233013368459     0.08                     -1.4187585504918516E-10  0.009266268062312753     0.006089233013368459
0.010786643822722385      0.010698721632784278     0.08                     -9.627081842854354E-11   0.010786643822722387     0.010698721632784278
0.011412110885257988      -0.0024090697292549895   0.07999999999999999      -1.3370077032036848E-10  0.011412110885257988     -0.0024090697292549895
0.011326814428117116      0.002158426143605466     0.08                     -1.3546499439857777E-10  0.011326814428117116     0.002158426143605466
0.017107409842647362      -0.01224365687049328     0.07999999999999999      -6.247867434292707E-11   0.017107409842647362     -0.01224365687049328
0.014629485649670461      -0.006560846315178184    0.07999999999999999      -9.015549474325918E-11   0.01462948564967046      -0.006560846315178184
0.017176635929155082      -0.04259044464230982     0.08                     -1.7225838672523277E-11  0.017176635929155082     -0.04259044464230982
0.017353490294262967      -0.033506027125997345    0.08                     -2.4922797966215164E-11  0.01735349029426297      -0.033506027125997345
0.026201354271453665      -0.04760558023501002     0.08                     -1.2026073243752613E-11  0.026201354271453668     -0.04760558023501001
0.035540138788463994      -0.04961749549275937     0.08                     -8.902484898084218E-12   0.035540138788463994     -0.04961749549275937
0.04129610027011357       -0.047150938416674906    0.08000000000000002      -8.213097081688835E-12   0.04129610027011357      -0.047150938416674906
0.015905418044184973      -0.02503765321362638     0.07999999999999999      -3.732844882626838E-11   0.01590541804418497      -0.025037653213626384
0.018049430729340978      -0.018398406861944494    0.07999999999999999      -4.656216607202984E-11   0.018049430729340978     -0.018398406861944494
0.006028581290773473      0.05362965440982002      0.08000000000000002      -1.2218288962465436E-11  0.006028581290773473     0.053629654409820024
0.012958623696863236      0.05966608730349715      0.08                     -8.897582985571156E-12   0.012958623696863236     0.05966608730349715
0.019797785893621467      0.059698988778943286     0.08                     -8.11981919993064E-12    0.019797785893621467     0.059698988778943286
0.01063839553399529       0.04366690702587045      0.08                     -1.7981022183335414E-11  0.010638395533995289     0.04366690702587045
0.013575461366332104      0.03481144001517478      0.08                     -2.5339544067709527E-11  0.013575461366332102     0.03481144001517478
0.014446848685738142      0.026654703783473982     0.08                     -3.6116013832555386E-11  0.014446848685738143     0.026654703783473982
0.015232812036108344      0.019140005234432565     0.08                     -5.022010379866398E-11   0.015232812036108346     0.01914000523443257
0.01540302619393374       0.012607775797626786     0.08                     -6.7311613014172E-11     0.015403026193933743     0.012607775797626786
0.021649939317274755      -0.015648656449915456    0.08                     -4.399954239714792E-11   0.021649939317274755     -0.015648656449915456
0.02276246229192987       -0.011857257255390087    0.07999999999999999      -4.67954507733097E-11    0.02276246229192987      -0.011857257255390087
0.014967237545161174      0.005652649174824817     0.08000000000000002      -9.006509051260712E-11   0.014967237545161174     0.005652649174824817
0.01586968412438626       -6.110734998626757E-4    0.08000000000000002      -9.1098733683651E-11     0.01586968412438626      -6.110734998626757E-4
0.019578313972882136      0.009264081215817357     0.08                     -5.979529014449245E-11   0.019578313972882136     0.009264081215817357
0.02074827874464802       -0.005704357417786118    0.08000000000000002      -6.047428201302418E-11   0.02074827874464802      -0.005704357417786118
0.02496687712018171       -0.03843437291807254     0.08                     -1.7304417142873635E-11  0.02496687712018171      -0.03843437291807255
0.0241334298607703        -0.03011173412788433     0.07999999999999999      -2.3934444147362974E-11  0.0241334298607703       -0.030111734127884326
0.03500232560953967       -0.04148979150923851     0.07999999999999999      -1.205728756136262E-11   0.03500232560953967      -0.04148979150923852
0.04376894485466283       -0.04123117127314092     0.08                     -9.293584565947198E-12   0.043768944854662824     -0.04123117127314092
0.02356322056985008       -0.02173995780221643     0.08000000000000002      -3.294089850776754E-11   0.02356322056985008      -0.021739957802216433
0.017041736657636447      0.051236556077706386     0.08                     -1.2202334273268428E-11  0.017041736657636447     0.051236556077706386
0.024856840459457186      0.055709388333936086     0.08                     -8.919030079010751E-12   0.024856840459457186     0.05570938833393608
0.03179569722180493       0.054083286197463776     0.08                     -8.185529581527639E-12   0.03179569722180493      0.054083286197463776
0.019829840303534834      0.040491706108010374     0.08                     -1.7877573553545982E-11  0.019829840303534834     0.040491706108010374
0.020967960615985583      0.031210317341285265     0.08                     -2.5068892609010563E-11  0.02096796061598558      0.031210317341285265
0.020382770209186645      0.022913989074522613     0.08                     -3.538505787599244E-11   0.020382770209186645     0.02291398907452261
0.021147994664579495      0.015229339402388534     0.08000000000000002      -4.570101687821081E-11   0.0211479946645795       0.015229339402388534
0.024196375673272808      0.009701562986041898     0.08                     -4.5641668774942176E-11  0.024196375673272808     0.009701562986041898
0.02690165542835992       -0.01548916575577046     0.08000000000000002      -3.471349817975386E-11   0.026901655428359924     -0.01548916575577046
0.027006116542570346      -0.008901522969397044    0.08                     -3.999783962026046E-11   0.027006116542570346     -0.008901522969397044
0.022494698731305895      0.0030264037553604864    0.08                     -5.6015802434906296E-11  0.02249469873130589      0.0030264037553604864
0.027045003940103413      -0.0037160609956147506   0.08                     -4.254654992402847E-11   0.027045003940103413     -0.0037160609956147506
0.03222102069769789       -0.03278969690945583     0.08000000000000002      -1.7202080102838543E-11  0.03222102069769789      -0.03278969690945583
0.029979187770907967      -0.026265220130683102    0.08                     -2.258253443882624E-11   0.029979187770907967     -0.026265220130683102
0.048208030873433984      -0.03612849091235469     0.08                     -9.245024404606167E-12   0.048208030873433984     -0.0361284909123547
0.04037532303140713       -0.035100993535565894    0.08000000000000002      -1.2468471722693178E-11  0.040375323031407125     -0.035100993535565894
0.03193384157133472       -0.020209256702522424    0.08000000000000002      -2.4858029664909194E-11  0.03193384157133472      -0.020209256702522424
0.027344321695273933      0.046198749255966655     0.08                     -1.2373394850376007E-11  0.02734432169527393      0.04619874925596666
0.035777644402464656      0.04921948306709875      0.08                     -8.98330658927701E-12    0.03577764440246466      0.04921948306709875
0.042229429813600644      0.04587777583449774      0.08                     -8.34690473511205E-12    0.042229429813600644     0.04587777583449774
0.028012930724131316      0.035339989702154975     0.08                     -1.7869270677991572E-11  0.028012930724131312     0.03533998970215497
0.025799227145768926      0.020028749264093954     0.08                     -3.1962162298884996E-11  0.025799227145768926     0.020028749264093954
0.027167676605260798      0.02672952792873058      0.08                     -2.449746536234924E-11   0.027167676605260798     0.026729527928730578
0.02819307415317677       0.013719810736604568     0.08                     -3.415462377720002E-11   0.028193074153176765     0.013719810736604568
0.029524667151005487      0.006823497774146821     0.08                     -3.612712529255696E-11   0.029524667151005487     0.006823497774146821
0.032753426428349365      -0.013093799933454088    0.08                     -2.8039502023503576E-11  0.032753426428349365     -0.013093799933454086
0.032614041860951404      -0.00561518717348667     0.08                     -3.12172175234521E-11    0.032614041860951404     -0.00561518717348667
0.030454845154027105      0.0010085224444328633    0.08                     -3.5826196421212125E-11  0.030454845154027105     0.0010085224444328633
0.0386218421504832        -0.025960572947763307    0.08                     -1.67817651535485E-11    0.0386218421504832       -0.025960572947763303
0.05238547423774924       -0.029957898217913746    0.08                     -9.200079752861257E-12   0.052385474237749245     -0.02995789821791375
0.04582426569358744       -0.030510818856410694    0.08                     -1.1661493884516366E-11  0.04582426569358744      -0.030510818856410694
0.03924962882728307       -0.017965999398429938    0.08                     -1.9440129324823693E-11  0.03924962882728306      -0.017965999398429938
0.05675422550408388       -0.025419180067422373    0.08                     -8.419225466751187E-12   0.05675422550408388      -0.025419180067422376
0.04521896218822396       0.04057752013964414      0.08                     -9.026442378566458E-12   0.04521896218822396      0.04057752013964414
0.03674895406570918       0.03944260061111779      0.08000000000000002      -1.2252501274392596E-11  0.03674895406570918      0.03944260061111778
0.03474073561533056       0.0288353780400855       0.08                     -1.7830281021247147E-11  0.03474073561533056      0.028835378040085503
0.03208703317648652       0.020538087620531387     0.08                     -2.4504509826253958E-11  0.03208703317648653      0.020538087620531387
0.050835696464361424      0.03609160028466543      0.08                     -8.353921957513885E-12   0.050835696464361424     0.03609160028466543
0.03518186435018118       0.012720931694683094     0.08                     -2.5322551307581177E-11  0.035181864350181176     0.012720931694683094
0.036997052025310694      0.005055160429340885     0.08                     -2.5379538950462573E-11  0.036997052025310694     0.005055160429340885
0.03882283677094456       -0.009869810775806752    0.08000000000000002      -2.237643660556762E-11   0.03882283677094456      -0.009869810775806752
0.037619719908531496      -0.001904049190034722    0.08                     -2.5001331161939663E-11  0.037619719908531496     -0.001904049190034722
0.04869472138783102       -0.022009138159128604    0.08                     -1.2506382657332832E-11  0.04869472138783103      -0.022009138159128607
0.04446017322173078       -0.01275935757445213     0.08                     -1.6995610773879238E-11  0.04446017322173078      -0.012759357574452129
0.05750002185276758       -0.0188958364292671      0.07999999999999999      -9.126155376550968E-12   0.057500021852767584     -0.018895836429267097
0.04417007894893282       0.03088446670457029      0.08                     -1.2260780479934112E-11  0.04417007894893282      0.03088446670457029
0.04021819806723399       0.02090992440411915      0.08                     -1.7688511505220136E-11  0.040218198067233986     0.02090992440411915
0.052826777261577806      0.030247847022807833     0.08000000000000002      -8.975089309048808E-12   0.052826777261577806     0.030247847022807833
0.04375919446000391       0.011780670327997893     0.08                     -1.769194269996767E-11   0.04375919446000392      0.011780670327997893
0.045478955695025844      0.0023930693751161927    0.08                     -1.751524227127975E-11   0.04547895569502585      0.0023930693751161927
0.0456763175929065        -0.005865895815549929    0.08                     -1.714219342801207E-11   0.0456763175929065       -0.005865895815549929
0.05269875689279002       -0.01134568986278666     0.08000000000000002      -1.2252393832838142E-11  0.05269875689279002      -0.011345689862786659
0.06116748676436172       -0.01346481657152191     0.08                     -8.234776429468199E-12   0.06116748676436172      -0.013464816571521909
0.049507599129519755      0.020909836610294608     0.08                     -1.2342376710380083E-11  0.04950759912951975      0.020909836610294608
0.05767128128510024       0.024839075612611686     0.07999999999999999      -8.166654752468314E-12   0.05767128128510024      0.024839075612611686
0.053179315453776646      0.010351311868667404     0.08                     -1.2109722236066272E-11  0.05317931545377664      0.010351311868667404
0.05440050810376627       -6.929787352084327E-4    0.08                     -1.1992748494505807E-11  0.054400508103766274     -6.929787352084327E-4
0.06066002749286217       -0.0065084590807949      0.08                     -8.917862094324722E-12   0.060660027492862166     -0.0065084590807949
0.05817444566237184       0.01851738613615457      0.08                     -8.903093572749755E-12   0.05817444566237184      0.01851738613615457
0.061469475204766116      0.012181418125076296     0.08                     -8.219795186583471E-12   0.06146947520476611      0.012181418125076296
0.06280291894882489       -6.394912688721388E-4    0.08                     -8.161981519610734E-12   0.06280291894882489      -6.394912688721388E-4
0.06064390534105635       0.006330250182764535     0.08                     -8.932070020473505E-12   0.06064390534105635      0.006330250182764535
-7.465421413598315E-4     5.178201848517103E-4     0.08000000000000002      -2.159861310745839E-9    -7.465421413598315E-4    5.178201848517103E-4
-0.0012759186157043306    4.8743036187572607E-4    0.08                     -1.3795531591276686E-9   -0.0012759186157043306   4.8743036187572607E-4
-8.525691075494347E-4     1.518296073577299E-4     0.07999999999999999      -2.2873009921732576E-9   -8.525691075494347E-4    1.518296073577299E-4
-0.0013226485053965372    -7.943106064449792E-4    0.08000000000000002      -1.2070517943852172E-9   -0.0013226485053965372   -7.943106064449791E-4
-0.001665895876378164     -7.333677742886692E-4    0.08000000000000002      -1.0151148825099078E-9   -0.001665895876378164    -7.333677742886692E-4
-0.0010009618106330254    -0.0010925120558739087   0.08000000000000002      -1.2626395675873733E-9   -0.0010009618106330256   -0.0010925120558739085
-9.745893972131015E-4     -5.860785663151914E-4    0.07999999999999999      -1.6860995461282247E-9   -9.745893972131015E-4    -5.860785663151913E-4
-5.858326991715101E-4     -8.097057315473942E-4    0.08                     -1.950671457980945E-9    -5.858326991715102E-4    -8.097057315473944E-4
-0.0014345842439474766    -3.725141507631667E-4    0.08                     -1.264280397040893E-9    -0.0014345842439474764   -3.725141507631667E-4
-9.520910902544768E-4     -2.2023684809473264E-4   0.08                     -1.988997682158065E-9    -9.520910902544769E-4    -2.2023684809473264E-4
-0.001380243753514438     9.221584350045924E-5     0.08                     -1.3626261342188064E-9   -0.001380243753514438    9.221584350045924E-5
-0.0017932985300414786    -6.106450459543596E-5    0.08                     -1.0298074493676885E-9   -0.0017932985300414786   -6.106450459543596E-5
-0.0010944014154633593    9.20612877790885E-4      0.08                     -1.3099572649992241E-9   -0.0010944014154633593   9.206128777908849E-4
-6.322610334237987E-4     8.996321088074995E-4     0.08000000000000002      -1.7336834970308416E-9   -6.322610334237987E-4    8.996321088074995E-4
-8.187821265217071E-4     0.0012004252784580077    0.07999999999999999      -1.2850229146377576E-9   -8.187821265217071E-4    0.0012004252784580077
-5.780622959113161E-4     -4.132668484348864E-4    0.08000000000000002      -2.9194771358104013E-9   -5.780622959113161E-4    -4.132668484348864E-4
-3.027276920966796E-4     -5.65739827874322E-4     0.08                     -3.282055347464796E-9    -3.027276920966796E-4    -5.65739827874322E-4
-1.7447317533882188E-4    -8.651451257115704E-4    0.08                     -2.2233209614514537E-9   -1.7447317533882188E-4   -8.651451257115705E-4
5.579830916354516E-6      -5.350632462734141E-4    0.07999999999999999      -4.017240018657368E-9    5.579830916354516E-6     -5.350632462734141E-4
-2.4787458029939256E-4    -3.0227030622123944E-4   0.08                     -5.56713673163707E-9     -2.478745802993926E-4    -3.0227030622123944E-4
-3.9469702153145496E-4    6.472909434044917E-4     0.08                     -2.640028598605409E-9    -3.9469702153145496E-4   6.472909434044917E-4
-3.7600376144110426E-4    2.765811136904838E-4     0.08                     -4.690155046652594E-9    -3.760037614411043E-4    2.765811136904838E-4
-8.419815819704407E-5     5.610819686533354E-4     0.08                     -3.730045141255509E-9    -8.419815819704407E-5    5.610819686533353E-4
-5.413412933732317E-4     -1.0085819735038332E-4   0.08                     -4.012424257930471E-9    -5.413412933732317E-4    -1.0085819735038332E-4
1.5193454222408968E-5     1.8528526046208884E-4    0.08000000000000002      -8.088215785572088E-9    1.5193454222408968E-5    1.8528526046208884E-4
2.887107731130924E-4      4.441938196762087E-4     0.08000000000000002      -4.073612715828439E-9    2.887107731130924E-4     4.441938196762087E-4
-2.0932291103479704E-4    -3.4988910368283265E-5   0.08                     -7.872509702375887E-9    -2.0932291103479707E-4   -3.4988910368283265E-5
7.43569989156682E-5       -1.916942946472381E-4    0.08                     -7.828139948231345E-9    7.43569989156682E-5      -1.916942946472381E-4
4.713538910787188E-4      -4.4985725876776753E-4   0.08000000000000002      -3.1473257773256526E-9   4.713538910787189E-4     -4.498572587677674E-4
4.913074067386489E-4      3.36313673172516E-5      0.08                     -4.437687342093276E-9    4.913074067386488E-4     3.36313673172516E-5
6.39610341611737E-4       4.1248084156408145E-4    0.08                     -2.6444898267674407E-9   6.39610341611737E-4      4.124808415640814E-4
-2.3737671761271987E-4    9.114012561340396E-4     0.08                     -2.0615932617633557E-9   -2.3737671761271984E-4   9.114012561340395E-4
1.8722299991339657E-4     8.804475566504904E-4     0.07999999999999999      -2.1614157670965743E-9   1.8722299991339657E-4    8.804475566504905E-4
2.2712408975355072E-4     -8.98865503710465E-4     0.08000000000000002      -2.1034247408404016E-9   2.2712408975355072E-4    -8.988655037104652E-4
6.536232358954261E-4      -8.645676965265668E-4    0.07999999999999999      -1.7638051860438691E-9   6.536232358954261E-4     -8.645676965265668E-4
9.535070984111478E-4      -6.014448312492641E-4    0.07999999999999999      -1.6940547092107482E-9   9.535070984111478E-4     -6.014448312492642E-4
5.750497218512799E-4      7.624240282434647E-4     0.08                     -2.032032785470847E-9    5.750497218512799E-4     7.624240282434647E-4
-5.076517795534519E-4     -0.001279917345126206    0.07999999999999999      -1.368720810243403E-9    -5.076517795534519E-4    -0.0012799173451262058
-4.3323257985144776E-4    0.0012783329653494628    0.08                     -1.3896858660752044E-9   -4.332325798514477E-4    0.0012783329653494628
-7.181573301387242E-4     0.001558356774326409     0.08000000000000002      -1.0777139056763286E-9   -7.181573301387242E-4    0.001558356774326409
-1.7394985707279637E-5    -0.001351723472301016    0.08                     -1.3981965784784795E-9   -1.7394985707279637E-5   -0.001351723472301016
9.332605878545675E-4      -1.6411776996040173E-4   0.08                     -2.040366701480905E-9    9.332605878545674E-4     -1.6411776996040173E-4
9.533039513226611E-4      1.796624414303E-4        0.07999999999999999      -2.0030068834686697E-9   9.533039513226611E-4     1.796624414303E-4
9.735021960593375E-4      5.749656182674093E-4     0.08000000000000002      -1.6956771594570044E-9   9.735021960593375E-4     5.749656182674093E-4
1.3123410577859339E-5     0.0013344037293238548    0.08                     -1.4098213200975046E-9   1.3123410577859339E-5    0.0013344037293238546
5.150380081005046E-4      0.001236299550789977     0.08                     -1.4050164487376009E-9   5.150380081005045E-4     0.001236299550789977
5.443658723091474E-4      -0.0013261867744935314   0.08                     -1.3068356357714325E-9   5.443658723091474E-4     -0.0013261867744935316
0.0010330967238178044     -0.0010824940925480526   0.07999999999999999      -1.2515192186495163E-9   0.0010330967238178044    -0.0010824940925480526
0.0013686223739085288     -6.919635579970271E-4    0.08                     -1.217236046382693E-9    0.0013686223739085288    -6.919635579970272E-4
0.0012714745080992002     -3.6597086513298497E-4   0.08000000000000002      -1.4242577224915472E-9   0.0012714745080992002    -3.6597086513298497E-4
0.0013790120618428008     -4.513002665320373E-5    0.08                     -1.3642930875534065E-9   0.0013790120618428008    -4.513002665320373E-5
0.0010161668868953456     0.001064425275395789     0.08                     -1.277896069582104E-9    0.0010161668868953458    0.0010644252753957888
0.0013161280235779015     7.860149095364707E-4     0.08                     -1.2220168082742278E-9   0.0013161280235779015    7.860149095364706E-4
7.071550485523105E-4      -0.0017557647692267558   0.08000000000000002      -9.752022972150847E-10   7.071550485523105E-4     -0.0017557647692267558
0.001435213297653053      3.587288998703128E-4     0.08                     -1.2678282383407805E-9   0.0014352132976530529    3.587288998703128E-4
0.0017086306896002032     -7.877806055078438E-4    0.07999999999999999      -9.808610799964046E-10   0.0017086306896002032    -7.877806055078438E-4
0.0017550189510264873     6.311633349493522E-5     0.08                     -1.055757262276567E-9    0.0017550189510264873    6.311633349493522E-5
0.001689339254820784      7.524801215326082E-4     0.08                     -1.002638415856351E-9    0.001689339254820784     7.524801215326082E-4
